23.85791
23.99161
23.840349
23.71373
23.90992
23.84848
23.84642
23.880989
23.790569
23.74918
23.785231
23.54921
23.610701
23.75235
23.609209
23.63909
23.30941
23.389549
23.427509
23.42411
23.21109
23.26129
23.253811
23.187889
23.20816
23.16379
23.10688
23.09116
22.902189
22.90634
22.87381
22.72646
22.8822
22.73575
22.697519
22.731359
22.49424
22.549089
22.41765
22.25013
22.299801
22.24407
22.12929
22.12933
22.123569
22.026661
21.88488
21.849091
21.818331
21.637091
21.696819
21.56852
21.457861
21.44693
21.343031
21.265221
21.19087
21.10556
21.075569
20.99226
20.93718
20.801941
20.796169
20.69669
20.573191
20.49712
20.383751
20.33749
20.243311
20.197371
20.073311
19.98448
19.942699
19.852671
19.70261
19.671209
19.60247
19.4632
19.38937
19.31842
19.18108
19.109159
19.019369
18.89393
18.806311
18.711361
18.61414
18.50675
18.380039
18.32782
18.216949
18.127741
17.998501
17.922291
17.805759
17.68395
17.585449
17.435089
17.351999
17.24143
17.105249
16.997801
16.88378
16.739389
16.585051
16.44611
16.33214
16.170601
16.027611
15.8489
15.6902
15.52813
15.44782
15.25694
15.09274
14.95829
14.78338
14.66597
14.52285
14.37452
14.20212
14.04177
13.92383
13.73196
13.56597
13.37227
13.25046
13.04304
12.86886
12.67697
12.52329
12.33659
12.14846
11.97649
11.78864
11.60729
11.42742
11.25738
11.06454
10.88259
10.71554
10.53997
10.36237
10.19161
9.990641
9.818124
9.641149
9.442286
9.278873
9.110819
8.929912
8.752437
8.577453
8.403923
8.218149
8.04849
7.85497
7.68802
7.512887
7.324654
7.159985
6.976399
6.799439
6.611337
6.453368
6.275681
6.105069
5.915196
5.722131
5.566318
5.37876
5.191456
5.005852
4.830856
4.650731
4.471486
4.298245
4.122443
3.942781
3.761918
3.550018
3.558341
3.25548
3.059187
2.897826
2.710475
2.571153
2.367617
2.131429
2.04097
1.833455
1.602789
1.393632
1.256113
1.079559
0.932457
0.689419
0.518118
0.650726
0.330384
