0.753256
0.75557
0.759414
0.761504
0.76038
0.762193
0.764194
0.766467
0.766722
0.770971
0.774382
0.774815
0.774909
0.775499
0.778964
0.779436
0.781561
0.781104
0.786735
0.788152
0.789055
0.791276
0.792604
0.795143
0.795822
0.799627
0.799885
0.801408
0.804122
0.806831
0.807521
0.808677
0.812712
0.81372
0.81325
0.816895
0.81785
0.820293
0.822424
0.823828
0.825522
0.827309
0.827295
0.830211
0.832556
0.835508
0.834446
0.837327
0.840044
0.84191
0.843253
0.846636
0.845102
0.84807
0.850915
0.852114
0.85375
0.855309
0.857293
0.858721
0.861556
0.862154
0.863377
0.865834
0.868072
0.869194
0.871183
0.872656
0.874873
0.875508
0.877347
0.879639
0.881755
0.882244
0.88551
0.88664
0.889009
0.889929
0.891869
0.893094
0.894826
0.897053
0.899182
0.89978
0.902011
0.904207
0.905094
0.905978
0.908311
0.909818
0.911168
0.912822
0.914794
0.915897
0.917847
0.918473
0.920522
0.921449
0.923108
0.92433
0.925091
0.926439
0.927372
0.928205
0.928655
0.930149
0.931958
0.932989
0.933554
0.9351
0.93544
0.936612
0.938461
0.939434
0.94084
0.94246
0.943235
0.944998
0.945938
0.946831
0.948617
0.949701
0.951329
0.952935
0.953207
0.954948
0.95558
0.957007
0.958185
0.959255
0.960342
0.961805
0.96265
0.96331
0.964325
0.965181
0.966106
0.967212
0.967973
0.969119
0.969473
0.97052
0.971286
0.972651
0.973192
0.973728
0.974956
0.975731
0.975994
0.97705
0.978201
0.97875
0.979453
0.9804
0.981239
0.981832
0.982584
0.983156
0.984096
0.984752
0.985251
0.985879
0.986807
0.98709
0.987956
0.988493
0.989409
0.989788
0.990362
0.99109
0.991739
0.99211
0.992418
0.993155
0.9937
0.993918
0.994265
0.994695
0.995383
0.995657
0.995324
0.995343
0.996468
0.996339
0.99687
0.997418
0.99763
0.997699
0.99819
0.998194
0.998489
0.998241
0.998238
0.999464
0.999523
1.000017
0.999465
1
0.998855
0.999617
