-17.152941
-16.79204
-16.796379
-16.736679
-16.57069
-16.51445
-16.48962
-16.45994
-16.39255
-16.32283
-16.28224
-16.22714
-16.028549
-15.84682
-15.92393
-15.86217
-15.70939
-15.74197
-15.60105
-15.45562
-15.42286
-15.30931
-15.17622
-15.24058
-15.27152
-15.08449
-14.86709
-14.82445
-14.7587
-14.70938
-14.63447
-14.56624
-14.54505
-14.48611
-14.33862
-14.15781
-14.10269
-14.01834
-13.84844
-13.69413
-13.67489
-13.65698
-13.59023
-13.57267
-13.49613
-13.3838
-13.29796
-13.19328
-13.12661
-13.02308
-12.91432
-12.90304
-12.89039
-12.81266
-12.69065
-12.55366
-12.51294
-12.42027
-12.27335
-12.19406
-12.11362
-12.04731
-12.01137
-11.89426
-11.7494
-11.76103
-11.64049
-11.49595
-11.54834
-11.45793
-11.2814
-11.26415
-11.19215
-11.04995
-10.90586
-10.79978
-10.74362
-10.68154
-10.61059
-10.51353
-10.37896
-10.27539
-10.18778
-10.10198
-9.999288
-9.93569
-9.861125
-9.753068
-9.662493
-9.549318
-9.416566
-9.312482
-9.241135
-9.148688
-9.042055
-8.952452
-8.858835
-8.739627
-8.632786
-8.531504
-8.437278
-8.35897
-8.270207
-8.168601
-8.057059
-7.983811
-7.938553
-7.861197
-7.760721
-7.701136
-7.648449
-7.569729
-7.480508
-7.433236
-7.373177
-7.287384
-7.209074
-7.122061
-7.047471
-6.976244
-6.884933
-6.805834
-6.729217
-6.649799
-6.586292
-6.516469
-6.45753
-6.390037
-6.317391
-6.258017
-6.206522
-6.147677
-6.086647
-6.024509
-5.949954
-5.879327
-5.816334
-5.742946
-5.6761
-5.629498
-5.563519
-5.474684
-5.384923
-5.305586
-5.239708
-5.170191
-5.092758
-5.016459
-4.920891
-4.828331
-4.741136
-4.663465
-4.565156
-4.475614
-4.410127
-4.326348
-4.247375
-4.161199
-4.073052
-3.987755
-3.887891
-3.798492
-3.711411
-3.628132
-3.54154
-3.43906
-3.347346
-3.242389
-3.14574
-3.073031
-2.984277
-2.87113
-2.7754
-2.721629
-2.628941
-2.495664
-2.384323
-2.29785
-2.210089
-2.120974
-2.059276
-2.023415
-1.91213
-1.779907
-1.642043
-1.521383
-1.494377
-1.448834
-1.336499
-1.181528
-1.029124
-0.936841
-0.826278
-0.711487
-0.630952
-0.53459
-0.428304
-0.275778
-0.11521
-0.063057
