1.169829
1.167529
1.166764
1.167245
1.167211
1.165974
1.164273
1.161654
1.158049
1.156116
1.156487
1.156456
1.155965
1.152524
1.14825
1.149407
1.15184
1.152159
1.15133
1.149282
1.147311
1.145673
1.142668
1.138959
1.138588
1.138744
1.138593
1.138844
1.135961
1.132516
1.13237
1.131893
1.130872
1.129674
1.128261
1.126884
1.125457
1.123434
1.121335
1.122033
1.121605
1.120582
1.119472
1.117736
1.115912
1.114797
1.113908
1.114822
1.115994
1.113758
1.110992
1.110973
1.10886
1.10655
1.106216
1.105448
1.103451
1.101489
1.100627
1.100314
1.098806
1.097615
1.097237
1.095701
1.093739
1.091725
1.090322
1.090216
1.08923
1.087765
1.086914
1.086492
1.085434
1.084085
1.082735
1.082507
1.081969
1.081147
1.08002
1.078565
1.077293
1.076558
1.075455
1.073642
1.072154
1.072078
1.071423
1.070253
1.068686
1.067362
1.066794
1.06597
1.064797
1.063746
1.062681
1.061976
1.060929
1.059619
1.058567
1.057508
1.056496
1.055622
1.054716
1.053402
1.052181
1.051557
1.050623
1.049461
1.048846
1.048016
1.04665
1.045678
1.045041
1.044311
1.043022
1.041552
1.041028
1.040171
1.038855
1.037834
1.036723
1.035783
1.034449
1.033285
1.032807
1.032013
1.030794
1.029597
1.028441
1.027578
1.026622
1.025638
1.024834
1.023945
1.023048
1.022153
1.021466
1.020792
1.020005
1.01923
1.0183
1.017402
1.016993
1.016433
1.015666
1.0148
1.013844
1.013191
1.012508
1.011845
1.011231
1.010783
1.010268
1.009442
1.008703
1.008371
1.008033
1.007358
1.006576
1.006419
1.006142
1.005705
1.005118
1.004492
1.004065
1.003695
1.003501
1.003093
1.002346
1.001723
1.001518
1.001408
1.001297
1.000836
1.000247
1.000133
0.999636
0.999067
0.999272
0.999549
0.999865
1.000761
1.001579
1.000898
0.999921
0.998898
0.998392
0.997944
0.997309
0.996795
0.997205
0.997914
0.997051
0.996179
0.995989
0.996088
0.996694
0.997056
0.996998
0.996614
