16.878151
16.687429
16.29105
15.95534
15.63982
15.305
14.99158
14.71573
14.38415
14.08717
13.75244
13.49786
13.19321
12.97571
12.62608
12.38473
12.06592
11.82775
11.53839
11.26801
11.01308
10.75566
10.51101
10.26633
10.01449
9.815999
9.548462
9.313205
9.071324
8.897196
8.66724
8.458712
8.255269
8.040818
7.841809
7.64737
7.465916
7.243258
7.058713
6.835276
6.685794
6.498939
6.307119
6.159287
5.96298
5.780471
5.675874
5.474492
5.346208
5.168839
5.012471
4.898454
4.738553
4.574496
4.452028
4.312998
4.170408
4.041871
3.906088
3.770481
3.650764
3.524309
3.436499
3.295764
3.166162
3.029421
2.949808
2.820185
2.724655
2.600573
2.494358
2.425783
2.311179
2.218387
2.118827
2.029003
1.937711
1.848208
1.765285
1.689126
1.60463
1.527462
1.445552
1.374306
1.297217
1.223478
1.15846
1.094551
1.015958
0.962626
0.899985
0.828803
0.772453
0.71217
0.662337
0.610797
0.552214
0.504847
0.452049
0.413957
0.363189
0.319844
0.277231
0.23627
0.196177
0.160974
0.120734
0.086019
0.053351
0.020361
-0.010437
-0.040738
-0.070875
-0.09815
-0.12517
-0.150763
-0.176943
-0.20145
-0.226957
-0.246032
-0.27219
-0.296326
-0.316286
-0.341571
-0.360101
-0.382873
-0.401397
-0.421054
-0.441329
-0.458483
-0.473496
-0.486064
-0.505536
-0.518193
-0.532454
-0.546258
-0.555909
-0.564898
-0.574228
-0.583776
-0.589763
-0.596644
-0.60021
-0.608966
-0.609663
-0.613378
-0.618173
-0.617558
-0.618323
-0.619587
-0.613724
-0.61568
-0.61249
-0.609765
-0.607204
-0.602471
-0.599404
-0.594735
-0.588489
-0.582748
-0.573736
-0.564802
-0.559515
-0.550431
-0.5402
-0.529736
-0.520054
-0.509737
-0.500967
-0.488564
-0.478482
-0.464972
-0.453852
-0.44179
-0.426682
-0.415672
-0.403883
-0.38622
-0.37217
-0.35655
-0.340171
-0.364937
-0.327917
-0.30826
-0.28611
-0.270182
-0.254349
-0.2428
-0.247349
-0.211073
-0.18279
-0.158488
-0.150852
-0.131167
-0.122028
-0.100158
-0.07882
-0.056854
-0.000239
0.000997
