1.598885
1.672021
1.585678
1.581455
1.575941
1.570929
1.565499
1.560187
1.554695
1.548206
1.54181
1.536717
1.530506
1.525236
1.520142
1.513365
1.50799
1.502575
1.496336
1.49031
1.485033
1.479094
1.473559
1.468322
1.462169
1.456915
1.451591
1.445925
1.440545
1.435046
1.429624
1.424315
1.418323
1.413103
1.407603
1.402731
1.397915
1.391899
1.386822
1.382293
1.37699
1.37261
1.366558
1.362274
1.356649
1.352374
1.347749
1.343028
1.338223
1.333091
1.328599
1.323789
1.319583
1.314649
1.310303
1.305583
1.300984
1.296619
1.292329
1.287783
1.2836
1.279128
1.27451
1.270934
1.266607
1.262309
1.258032
1.25376
1.249919
1.246262
1.242201
1.23786
1.234085
1.229986
1.226446
1.222326
1.218683
1.214995
1.211176
1.207504
1.203852
1.200258
1.196589
1.192957
1.189595
1.185892
1.18233
1.179197
1.175695
1.172406
1.169019
1.165607
1.162506
1.15925
1.155979
1.15286
1.14952
1.14658
1.143673
1.140535
1.137509
1.134499
1.131607
1.128689
1.125847
1.122967
1.120242
1.117478
1.114688
1.11206
1.109445
1.10689
1.104305
1.101798
1.099342
1.096949
1.094595
1.09223
1.089946
1.087684
1.085492
1.083326
1.081244
1.079163
1.077151
1.075148
1.073207
1.071238
1.069359
1.067496
1.065679
1.063867
1.062033
1.060268
1.058626
1.056879
1.055209
1.053555
1.05192
1.050308
1.048692
1.047124
1.045551
1.044167
1.042523
1.041102
1.039636
1.038223
1.036722
1.035424
1.034128
1.032748
1.03146
1.030209
1.028939
1.027712
1.026502
1.025381
1.024188
1.023135
1.022015
1.020923
1.019891
1.018874
1.017895
1.016945
1.016038
1.0151
1.014196
1.01335
1.012513
1.0117
1.010991
1.010197
1.009464
1.00883
1.00809
1.007524
1.006899
1.006321
1.005563
1.005387
1.004728
1.004462
1.004208
1.003609
1.003145
1.002538
1.002337
1.002017
1.001719
1.001369
1.00129
1.000999
1.000793
1.000645
1.000308
1.000427
1.000259
1.000216
