-16.72109
-16.701349
-16.629419
-16.63043
-16.505831
-16.32963
-16.20722
-16.128139
-16.04093
-15.96776
-15.88084
-15.79392
-15.63867
-15.54667
-15.49507
-15.41468
-15.34753
-15.26582
-15.22332
-15.17424
-15.07557
-14.93697
-14.82155
-14.76827
-14.71068
-14.70393
-14.62039
-14.52131
-14.47507
-14.4747
-14.32855
-14.15313
-14.10493
-14.11972
-13.965
-13.83644
-13.89327
-13.81806
-13.70632
-13.60241
-13.46802
-13.41003
-13.33526
-13.20209
-13.11572
-13.15038
-13.00065
-12.81859
-12.80935
-12.76362
-12.60572
-12.4831
-12.49566
-12.37962
-12.19794
-12.1531
-12.13409
-12.06101
-11.96704
-11.90768
-11.85946
-11.74059
-11.59852
-11.58401
-11.51677
-11.40152
-11.27931
-11.20126
-11.10957
-10.99879
-10.97978
-10.92633
-10.77871
-10.65319
-10.63335
-10.5464
-10.40327
-10.35014
-10.28825
-10.18089
-10.05136
-9.937305
-9.846846
-9.775798
-9.696244
-9.602498
-9.469877
-9.381224
-9.345968
-9.257379
-9.110364
-8.994534
-8.901557
-8.820139
-8.728526
-8.619745
-8.530718
-8.42722
-8.330737
-8.234038
-8.143443
-8.048703
-7.957927
-7.863762
-7.761512
-7.698223
-7.642067
-7.564571
-7.476507
-7.413891
-7.347814
-7.269302
-7.199029
-7.131666
-7.061514
-6.996294
-6.914778
-6.815393
-6.740149
-6.668693
-6.610552
-6.552876
-6.471276
-6.412329
-6.377297
-6.320095
-6.245874
-6.178892
-6.109325
-6.040844
-5.993377
-5.94046
-5.870223
-5.81392
-5.759685
-5.700256
-5.627989
-5.552891
-5.474493
-5.425023
-5.367757
-5.284412
-5.202199
-5.160609
-5.091285
-5.001833
-4.924129
-4.827799
-4.740822
-4.671265
-4.59662
-4.511598
-4.4545
-4.388436
-4.281587
-4.164194
-4.079836
-4.002335
-3.924067
-3.843735
-3.744331
-3.650598
-3.573279
-3.486347
-3.393865
-3.310508
-3.199892
-3.109172
-3.036566
-2.951537
-2.887505
-2.806779
-2.697942
-2.601777
-2.516744
-2.40642
-2.290596
-2.205775
-2.124493
-2.054687
-2.029657
-2.011407
-1.897421
-1.724826
-1.553739
-1.493001
-1.361982
-1.203556
-1.199985
-1.15753
-1.023802
-0.878665
-0.774972
-0.728432
-0.628762
-0.485153
-0.395158
-0.319008
-0.218347
-0.06533
