1.139701
1.136531
1.135375
1.134545
1.136016
1.13679
1.136478
1.136017
1.134422
1.13457
1.135656
1.135654
1.134107
1.13381
1.132656
1.129888
1.125847
1.123459
1.124425
1.124938
1.125698
1.126355
1.124992
1.123076
1.122029
1.122578
1.121682
1.121352
1.120931
1.119883
1.118643
1.117259
1.115349
1.113831
1.112008
1.109597
1.110837
1.113159
1.109806
1.106749
1.108056
1.107757
1.106806
1.105723
1.104326
1.104393
1.1044
1.103967
1.103193
1.101354
1.098912
1.097232
1.096976
1.096807
1.095736
1.09487
1.094736
1.094485
1.092346
1.090395
1.09157
1.091189
1.088448
1.086674
1.087537
1.086727
1.084882
1.084666
1.083542
1.082354
1.081836
1.081027
1.079968
1.078738
1.07759
1.076501
1.074965
1.073721
1.073097
1.071775
1.070311
1.069972
1.069184
1.067997
1.067104
1.066089
1.065498
1.064578
1.063227
1.062506
1.061717
1.060761
1.059569
1.058254
1.057323
1.056497
1.055596
1.054643
1.053424
1.052494
1.051654
1.05057
1.049487
1.048943
1.048149
1.046947
1.045697
1.044624
1.044064
1.04329
1.042081
1.041186
1.040657
1.039864
1.038785
1.037744
1.036765
1.035862
1.034558
1.0334
1.03274
1.031964
1.031
1.029936
1.028876
1.028077
1.026975
1.025952
1.025201
1.024545
1.023588
1.022381
1.021864
1.021374
1.020506
1.01959
1.018828
1.018063
1.017532
1.016963
1.016226
1.015588
1.015091
1.014516
1.013545
1.012534
1.012108
1.011743
1.011008
1.010075
1.009607
1.00909
1.008293
1.007765
1.007429
1.006963
1.006484
1.006185
1.005731
1.005178
1.004429
1.003744
1.003716
1.003371
1.002632
1.002232
1.002379
1.002078
1.001619
1.001196
1.000484
0.999874
0.999802
0.999878
0.999729
0.999336
0.999046
0.998586
0.998168
0.998293
0.997481
0.997286
0.997401
0.997272
0.997352
0.997293
0.99735
0.997858
0.997965
0.997609
0.997386
0.997242
0.996984
0.99677
0.996265
0.995686
0.995802
0.996396
0.996918
0.996859
