7.514554
6.530017
5.888482
5.994098
6.331988
6.302454
6.238437
6.285453
6.305817
6.324945
6.316022
6.196529
6.11719
6.004231
5.73463
5.524803
5.441056
5.693775
6.00919
5.73243
5.313459
5.203443
5.200716
5.243561
5.239514
5.232959
5.224221
4.881189
4.516645
4.606498
4.539489
4.514362
4.563338
4.439951
4.427139
4.503879
4.481844
4.284503
4.050653
4.094699
4.10684
4.053423
3.979376
3.768469
3.494221
3.376682
3.343648
3.329012
3.356278
3.387824
3.246517
3.031639
2.85994
2.877448
2.976064
3.043117
3.030093
2.936909
2.797225
2.639279
2.55158
2.448201
2.322099
2.210575
2.057087
1.91435
1.937636
1.995955
1.973791
1.933382
1.805909
1.69561
1.615142
1.490385
1.394446
1.294345
1.164362
1.108154
1.11429
1.054494
0.919992
0.779579
0.733476
0.718815
0.64456
0.58073
0.471156
0.311174
0.328308
0.347417
0.295681
0.246662
0.224309
0.190936
0.126535
0.022362
-0.01491
-0.066606
-0.16457
-0.364559
