1.153429
1.177725
1.170833
1.165213
1.171712
1.180746
1.188117
1.187773
1.184568
1.182803
1.181288
1.173993
1.168657
1.180424
1.192632
1.185193
1.180315
1.179104
1.177611
1.185775
1.194716
1.188227
1.179399
1.176957
1.174572
1.173019
1.181111
1.188822
1.191759
1.188613
1.183254
1.178141
1.184178
1.189752
1.189039
1.190581
1.190841
1.189942
1.193729
1.199373
1.194302
1.188972
1.191144
1.193211
1.19435
1.195269
1.192618
1.189121
1.192527
1.196006
1.197854
1.200319
1.201094
1.200774
1.200618
1.200442
1.200939
1.201137
1.20106
1.202564
1.205456
1.208781
1.203642
1.19692
1.19775
1.200425
1.201233
1.203308
1.205807
1.207269
1.206728
1.204057
1.201582
1.204156
1.207764
1.207011
1.207342
1.208076
1.2068
1.206396
1.206153
1.205627
1.204693
1.203781
1.202704
1.202811
1.203344
1.203073
1.202315
1.201779
1.201545
1.201255
1.197289
1.193565
1.193785
1.195899
1.19748
1.196755
1.194385
1.194183
