0.10000000149011612,0.20000000298023224,1947.0977783203125,1947.8529052734375,0.0,0.0,0.0,0.0,0.0,0.0,0.0,0.0,0.0,0.0
0.30000001192092896,0.4000000059604645,1947.5172119140625,1947.433349609375,0.0,0.0,0.0,0.0,0.0,0.0,0.0,0.0,0.0,0.0
0.5,0.6000000238418579,1947.8529052734375,1948.3563232421875,0.0,0.0,0.0,0.0,0.0,0.0,0.0,0.0,0.0,0.0
0.699999988079071,0.800000011920929,1948.6080322265625,1948.77587890625,0.0,0.0,0.0,0.0,0.0,0.0,0.0,0.0,0.0,0.0
0.8999999761581421,1.0,1949.8665771484375,1949.69873046875,0.0,0.0,0.0,0.0,0.0,0.0,0.0,0.0,0.0,0.0
1.100000023841858,1.2000000476837158,1949.1954345703125,1948.77587890625,0.0,0.0,0.0,0.0,0.0,0.0,0.0,0.0,0.0,0.0
1.2999999523162842,1.399999976158142,1948.2723388671875,1948.1046142578125,0.0,0.0,0.0,0.0,0.0,0.0,0.0,0.0,0.0,0.0
1.5,1.600000023841858,1948.1884765625,1948.1884765625,0.0,0.0,0.0,0.0,0.0,0.0,0.0,0.0,0.0,0.0
1.7000000476837158,1.7999999523162842,1948.9437255859375,1948.5240478515625,0.0,0.0,0.0,0.0,0.0,0.0,0.0,0.0,0.0,0.0
1.899999976158142,2.0,1948.5240478515625,1948.1046142578125,0.0,0.0,0.0,0.0,0.0,0.0,0.0,0.0,0.0,0.0
2.0999999046325684,2.200000047683716,1947.60107421875,1947.181640625,0.0,0.0,0.0,0.0,0.0,0.0,0.0,0.0,0.0,0.0
2.299999952316284,2.4000000953674316,1946.67822265625,1944.4967041015625,0.0,0.0,0.0,0.0,0.0,0.0,0.0,0.0,0.0,0.0
2.5,2.5999999046325684,1945.67138671875,1951.9642333984375,0.0,0.0,0.0,0.0,0.0,0.0,0.0,0.0,0.0,0.0
2.700000047683716,2.799999952316284,1955.823974609375,1956.7469482421875,0.0,0.0,0.0,0.0,0.0,0.0,0.0,0.0,0.0,0.0
2.9000000953674316,3.0,1957.921630859375,1958.5927734375,0.0,0.0,0.0,0.0,0.0,0.0,0.0,0.0,0.0,0.0
3.0999999046325684,3.200000047683716,1959.599609375,1959.9351806640625,0.0,0.0,0.0,0.0,0.0,0.0,0.0,0.0,0.0,0.0
3.299999952316284,3.4000000953674316,1960.18701171875,1959.851318359375,0.0,0.0,0.0,0.0,0.0,0.0,0.0,0.0,0.0,0.0
3.5,3.5999999046325684,1960.18701171875,1960.01904296875,0.0,0.0,0.0,0.0,0.0,0.0,0.0,0.0,0.0,0.0
3.700000047683716,3.799999952316284,1960.18701171875,1959.599609375,0.0,0.0,0.0,0.0,0.0,0.0,0.0,0.0,0.0,0.0
3.9000000953674316,4.0,1959.347900390625,1958.6766357421875,0.0,0.0,0.0,0.0,0.0,0.0,0.0,0.0,0.0,0.0
4.099999904632568,4.199999809265137,1959.6834716796875,1959.4317626953125,0.0,0.0,0.0,0.0,0.0,0.0,0.0,0.0,0.0,0.0
4.300000190734863,4.400000095367432,1959.18017578125,1959.18017578125,0.0,0.0,0.0,0.0,0.0,0.0,0.0,0.0,0.0,0.0
4.5,4.599999904632568,1959.599609375,1959.09619140625,0.0,0.0,0.0,0.0,0.0,0.0,0.0,0.0,0.0,0.0
4.699999809265137,4.800000190734863,1959.2640380859375,1959.18017578125,0.0,0.0,0.0,0.0,0.0,0.0,0.0,0.0,0.0,0.0
4.900000095367432,5.0,1958.0054931640625,1958.08935546875,0.0,0.0,0.0,0.0,0.0,0.0,0.0,0.0,0.0,0.0
5.099999904632568,5.199999809265137,1958.6766357421875,1958.5087890625,0.0,0.0,0.0,0.0,0.0,0.0,0.0,0.0,0.0,0.0
5.300000190734863,5.400000095367432,1958.0054931640625,1958.4249267578125,0.0,0.0,0.0,0.0,0.0,0.0,0.0,0.0,0.0,0.0
5.5,5.599999904632568,1958.341064453125,1958.2572021484375,0.0,0.0,0.0,0.0,0.0,0.0,0.0,0.0,0.0,0.0
5.699999809265137,5.800000190734863,1958.1732177734375,1958.341064453125,0.0,0.0,0.0,0.0,0.0,0.0,0.0,0.0,0.0,0.0
5.900000095367432,6.0,1957.837646484375,1957.5858154296875,0.0,0.0,0.0,0.0,0.0,0.0,0.0,0.0,0.0,0.0
6.099999904632568,6.199999809265137,1956.830810546875,1956.662841796875,0.0,0.0,0.0,0.0,0.0,0.0,0.0,0.0,0.0,0.0
6.300000190734863,6.400000095367432,1957.08251953125,1957.1663818359375,0.0,0.0,0.0,0.0,0.0,0.0,0.0,0.0,0.0,0.0
6.5,6.599999904632568,1957.250244140625,1956.4951171875,0.0,0.0,0.0,0.0,0.0,0.0,0.0,0.0,0.0,0.0
6.699999809265137,6.800000190734863,1956.662841796875,1957.08251953125,0.0,0.0,0.0,0.0,0.0,0.0,0.0,0.0,0.0,0.0
6.900000095367432,7.0,1956.4951171875,1955.572265625,0.0,0.0,0.0,0.0,0.0,0.0,0.0,0.0,0.0,0.0
7.099999904632568,7.199999809265137,1955.6561279296875,1955.823974609375,0.0,0.0,0.0,0.0,0.0,0.0,0.0,0.0,0.0,0.0
7.300000190734863,7.400000095367432,1955.9078369140625,1955.9078369140625,0.0,0.0,0.0,0.0,0.0,0.0,0.0,0.0,0.0,0.0
7.5,7.599999904632568,1955.739990234375,1955.6561279296875,0.0,0.0,0.0,0.0,0.0,0.0,0.0,0.0,0.0,0.0
7.699999809265137,7.800000190734863,1955.152587890625,1955.152587890625,0.0,0.0,0.0,0.0,0.0,0.0,0.0,0.0,0.0,0.0
7.900000095367432,8.0,1955.6561279296875,1954.8170166015625,0.0,0.0,0.0,0.0,0.0,0.0,0.0,0.0,0.0,0.0
8.100000381469727,8.199999809265137,1954.90087890625,1954.90087890625,0.0,0.0,0.0,0.0,0.0,0.0,0.0,0.0,0.0,0.0
8.300000190734863,8.399999618530273,1954.8170166015625,1954.145751953125,0.0,0.0,0.0,0.0,0.0,0.0,0.0,0.0,0.0,0.0
8.5,8.600000381469727,1950.6217041015625,1945.839111328125,0.0,0.0,0.0,0.0,0.0,0.0,0.0,0.0,0.0,0.0
8.699999809265137,8.800000190734863,1943.825439453125,1942.6507568359375,0.0,0.0,0.0,0.0,0.0,0.0,0.0,0.0,0.0,0.0
8.899999618530273,9.0,1940.97265625,1940.8887939453125,0.0,0.0,0.0,0.0,0.0,0.0,0.0,0.0,0.0,0.0
9.100000381469727,9.199999809265137,1940.7208251953125,1941.6439208984375,0.0,0.0,0.0,0.0,0.0,0.0,0.0,0.0,0.0,0.0
9.300000190734863,9.399999618530273,1941.1405029296875,1941.47607421875,0.0,0.0,0.0,0.0,0.0,0.0,0.0,0.0,0.0,0.0
9.5,9.600000381469727,1940.5531005859375,1941.056640625,0.0,0.0,0.0,0.0,0.0,0.0,0.0,0.0,0.0,0.0
9.699999809265137,9.800000190734863,1940.636962890625,1940.5531005859375,0.0,0.0,0.0,0.0,0.0,0.0,0.0,0.0,0.0,0.0
9.899999618530273,10.0,1939.798095703125,1939.630126953125,0.0,0.0,0.0,0.0,0.0,0.0,0.0,0.0,0.0,0.0
10.100000381469727,10.199999809265137,1939.4622802734375,1938.6234130859375,0.0,0.0,0.0,0.0,0.0,0.0,0.0,0.0,0.0,0.0
10.300000190734863,10.399999618530273,1938.2037353515625,1939.8819580078125,0.0,0.0,0.0,0.0,0.0,0.0,0.0,0.0,0.0,0.0
10.5,10.600000381469727,1939.126708984375,1938.4554443359375,0.0,0.0,0.0,0.0,0.0,0.0,0.0,0.0,0.0,0.0
10.699999809265137,10.800000190734863,1938.0360107421875,1938.6234130859375,0.0,0.0,0.0,0.0,0.0,0.0,0.0,0.0,0.0,0.0
10.899999618530273,11.0,1938.707275390625,1938.37158203125,0.0,0.0,0.0,0.0,0.0,0.0,0.0,0.0,0.0,0.0
11.100000381469727,11.199999809265137,1938.875,1938.0360107421875,0.0,0.0,0.0,0.0,0.0,0.0,0.0,0.0,0.0,0.0
11.300000190734863,11.399999618530273,1938.4554443359375,1939.714111328125,0.0,0.0,0.0,0.0,0.0,0.0,0.0,0.0,0.0,0.0
11.5,11.600000381469727,1939.4622802734375,1940.46923828125,0.0,0.0,0.0,0.0,0.0,0.0,0.0,0.0,0.0,0.0
11.699999809265137,11.800000190734863,1940.3013916015625,1940.7208251953125,0.0,0.0,0.0,0.0,0.0,0.0,0.0,0.0,0.0,0.0
11.899999618530273,12.0,1940.38525390625,1940.7208251953125,0.0,0.0,0.0,0.0,0.0,0.0,0.0,0.0,0.0,0.0
12.100000381469727,12.199999809265137,1940.38525390625,1939.126708984375,0.0,0.0,0.0,0.0,0.0,0.0,0.0,0.0,0.0,0.0
12.300000190734863,12.399999618530273,1938.958984375,1939.0428466796875,0.0,0.0,0.0,0.0,0.0,0.0,0.0,0.0,0.0,0.0
12.5,12.600000381469727,1939.4622802734375,1939.126708984375,0.0,0.0,0.0,0.0,0.0,0.0,0.0,0.0,0.0,0.0
12.699999809265137,12.800000190734863,1939.0428466796875,1939.210693359375,0.0,0.0,0.0,0.0,0.0,0.0,0.0,0.0,0.0,0.0
12.899999618530273,13.0,1938.875,1939.126708984375,0.0,0.0,0.0,0.0,0.0,0.0,0.0,0.0,0.0,0.0
13.100000381469727,13.199999809265137,1937.7843017578125,1937.9520263671875,0.0,0.0,0.0,0.0,0.0,0.0,0.0,0.0,0.0,0.0
13.300000190734863,13.399999618530273,1938.28759765625,1938.539306640625,0.0,0.0,0.0,0.0,0.0,0.0,0.0,0.0,0.0,0.0
13.5,13.600000381469727,1937.8681640625,1937.029052734375,0.0,0.0,0.0,0.0,0.0,0.0,0.0,0.0,0.0,0.0
13.699999809265137,13.800000190734863,1937.7843017578125,1936.18994140625,0.0,0.0,0.0,0.0,0.0,0.0,0.0,0.0,0.0,0.0
13.899999618530273,14.0,1936.609619140625,1936.6934814453125,0.0,0.0,0.0,0.0,0.0,0.0,0.0,0.0,0.0,0.0
14.100000381469727,14.199999809265137,1936.7774658203125,1935.9383544921875,0.0,0.0,0.0,0.0,0.0,0.0,0.0,0.0,0.0,0.0
14.300000190734863,14.399999618530273,1936.7774658203125,1937.44873046875,0.0,0.0,0.0,0.0,0.0,0.0,0.0,0.0,0.0,0.0
14.5,14.600000381469727,1937.113037109375,1942.56689453125,0.0,0.0,0.0,0.0,0.0,0.0,0.0,0.0,0.0,0.0
14.699999809265137,14.800000190734863,1947.0977783203125,1949.279296875,0.0,0.0,0.0,0.0,0.0,0.0,0.0,0.0,0.0,0.0
14.899999618530273,15.0,1950.4539794921875,1950.3699951171875,0.0,0.0,0.0,0.0,0.0,0.0,0.0,0.0,0.0,0.0
15.100000381469727,15.199999809265137,1951.628662109375,1951.544677734375,0.0,0.0,0.0,0.0,0.0,0.0,0.0,0.0,0.0,0.0
15.300000190734863,15.399999618530273,1951.4608154296875,1950.78955078125,0.0,0.0,0.0,0.0,0.0,0.0,0.0,0.0,0.0,0.0
15.5,15.600000381469727,1952.1319580078125,1952.1319580078125,0.0,0.0,0.0,0.0,0.0,0.0,0.0,0.0,0.0,0.0
15.699999809265137,15.800000190734863,1952.048095703125,1951.0413818359375,0.0,0.0,0.0,0.0,0.0,0.0,0.0,0.0,0.0,0.0
15.899999618530273,16.0,1951.376953125,1952.7193603515625,0.0,0.0,0.0,0.0,0.0,0.0,0.0,0.0,0.0,0.0
16.100000381469727,16.200000762939453,1953.3067626953125,1952.7193603515625,0.0,0.0,0.0,0.0,0.0,0.0,0.0,0.0,0.0,0.0
16.299999237060547,16.399999618530273,1953.3907470703125,1953.642333984375,0.0,0.0,0.0,0.0,0.0,0.0,0.0,0.0,0.0,0.0
16.5,16.600000381469727,1953.726318359375,1951.2091064453125,0.0,0.0,0.0,0.0,0.0,0.0,0.0,0.0,0.0,0.0
16.700000762939453,16.799999237060547,1944.4967041015625,1941.6439208984375,0.0,0.0,0.0,0.0,0.0,0.0,0.0,0.0,0.0,0.0
16.899999618530273,17.0,1941.6439208984375,1941.1405029296875,0.0,0.0,0.0,0.0,0.0,0.0,0.0,0.0,0.0,0.0
17.100000381469727,17.200000762939453,1940.8048095703125,1939.9658203125,0.0,0.0,0.0,0.0,0.0,0.0,0.0,0.0,0.0,0.0
17.299999237060547,17.399999618530273,1939.798095703125,1940.0496826171875,0.0,0.0,0.0,0.0,0.0,0.0,0.0,0.0,0.0,0.0
17.5,17.600000381469727,1940.3013916015625,1939.210693359375,0.0,0.0,0.0,0.0,0.0,0.0,0.0,0.0,0.0,0.0
17.700000762939453,17.799999237060547,1939.2945556640625,1939.0428466796875,0.0,0.0,0.0,0.0,0.0,0.0,0.0,0.0,0.0,0.0
17.899999618530273,18.0,1939.714111328125,1939.37841796875,0.0,0.0,0.0,0.0,0.0,0.0,0.0,0.0,0.0,0.0
18.100000381469727,18.200000762939453,1939.4622802734375,1939.126708984375,0.0,0.0,0.0,0.0,0.0,0.0,0.0,0.0,0.0,0.0
18.299999237060547,18.399999618530273,1938.707275390625,1939.4622802734375,0.0,0.0,0.0,0.0,0.0,0.0,0.0,0.0,0.0,0.0
18.5,18.600000381469727,1939.798095703125,1940.5531005859375,0.0,0.0,0.0,0.0,0.0,0.0,0.0,0.0,0.0,0.0
18.700000762939453,18.799999237060547,1940.3013916015625,1939.8819580078125,0.0,0.0,0.0,0.0,0.0,0.0,0.0,0.0,0.0,0.0
18.899999618530273,19.0,1940.8887939453125,1941.1405029296875,0.0,0.0,0.0,0.0,0.0,0.0,0.0,0.0,0.0,0.0
19.100000381469727,19.200000762939453,1941.6439208984375,1941.9796142578125,0.0,0.0,0.0,0.0,0.0,0.0,0.0,0.0,0.0,0.0
19.299999237060547,19.399999618530273,1941.8116455078125,1941.5599365234375,0.0,0.0,0.0,0.0,0.0,0.0,0.0,0.0,0.0,0.0
19.5,19.600000381469727,1942.1473388671875,1942.8184814453125,0.0,0.0,0.0,0.0,0.0,0.0,0.0,0.0,0.0,0.0
19.700000762939453,19.799999237060547,1942.3990478515625,1941.8116455078125,0.0,0.0,0.0,0.0,0.0,0.0,0.0,0.0,0.0,0.0
                       Time(s)                         E(mV)                         I(mA)                         Q(mC)                 Capacity(mAh)                    Energy(Wh)                          P(W)
                      0.100000                   1952.803223                      0.000000                      0.000000                      0.000000                      0.000000                      0.000000
                      0.200000                   1952.971069                      0.000000                      0.000000                      0.000000                      0.000000                      0.000000
                      0.300000                   1952.551636                      0.000000                      0.000000                      0.000000                      0.000000                      0.000000
                      0.400000                   1953.138916                      0.000000                      0.000000                      0.000000                      0.000000                      0.000000
                      0.500000                   1953.642334                      0.000000                      0.000000                      0.000000                      0.000000                      0.000000
                      0.600000                   1953.054932                      0.000000                      0.000000                      0.000000                      0.000000                      0.000000
                      0.700000                   1952.131958                      0.000000                      0.000000                      0.000000                      0.000000                      0.000000
                      0.800000                   1952.719360                      0.000000                      0.000000                      0.000000                      0.000000                      0.000000
                      0.900000                   1951.293091                      0.000000                      0.000000                      0.000000                      0.000000                      0.000000
                      1.000000                   1951.628662                      0.000000                      0.000000                      0.000000                      0.000000                      0.000000
                      1.100000                   1952.383789                      0.000000                      0.000000                      0.000000                      0.000000                      0.000000
                      1.200000                   1952.383789                      0.000000                      0.000000                      0.000000                      0.000000                      0.000000
                      1.300000                   1952.383789                      0.000000                      0.000000                      0.000000                      0.000000                      0.000000
                      1.400000                   1951.712524                      0.000000                      0.000000                      0.000000                      0.000000                      0.000000
                      1.500000                   1951.460815                      0.000000                      0.000000                      0.000000                      0.000000                      0.000000
                      1.600000                   1952.216064                      0.000000                      0.000000                      0.000000                      0.000000                      0.000000
                      1.700000                   1952.383789                      0.000000                      0.000000                      0.000000                      0.000000                      0.000000
                      1.800000                   1951.796387                      0.000000                      0.000000                      0.000000                      0.000000                      0.000000
                      1.900000                   1951.544678                      0.000000                      0.000000                      0.000000                      0.000000                      0.000000
                      2.000000                   1951.125244                      0.000000                      0.000000                      0.000000                      0.000000                      0.000000
                      2.100000                   1950.118408                      0.000000                      0.000000                      0.000000                      0.000000                      0.000000
                      2.200000                   1950.369995                      0.000000                      0.000000                      0.000000                      0.000000                      0.000000
                      2.300000                   1950.202271                      0.000000                      0.000000                      0.000000                      0.000000                      0.000000
                      2.400000                   1950.286133                      0.000000                      0.000000                      0.000000                      0.000000                      0.000000
                      2.500000                   1950.537842                      0.000000                      0.000000                      0.000000                      0.000000                      0.000000
                      2.600000                   1950.537842                      0.000000                      0.000000                      0.000000                      0.000000                      0.000000
                      2.700000                   1949.866577                      0.000000                      0.000000                      0.000000                      0.000000                      0.000000
                      2.800000                   1950.537842                      0.000000                      0.000000                      0.000000                      0.000000                      0.000000
                      2.900000                   1950.537842                      0.000000                      0.000000                      0.000000                      0.000000                      0.000000
                      3.000000                   1950.537842                      0.000000                      0.000000                      0.000000                      0.000000                      0.000000
                      3.100000                   1950.369995                      0.000000                      0.000000                      0.000000                      0.000000                      0.000000
                      3.200000                   1949.698730                      0.000000                      0.000000                      0.000000                      0.000000                      0.000000
                      3.300000                   1950.453979                      0.000000                      0.000000                      0.000000                      0.000000                      0.000000
                      3.400000                   1950.118408                      0.000000                      0.000000                      0.000000                      0.000000                      0.000000
                      3.500000                   1949.531006                      0.000000                      0.000000                      0.000000                      0.000000                      0.000000
                      3.600000                   1949.950562                      0.000000                      0.000000                      0.000000                      0.000000                      0.000000
                      3.700000                   1951.041382                      0.000000                      0.000000                      0.000000                      0.000000                      0.000000
                      3.800000                   1951.041382                      0.000000                      0.000000                      0.000000                      0.000000                      0.000000
                      3.900000                   1951.460815                      0.000000                      0.000000                      0.000000                      0.000000                      0.000000
                      4.000000                   1951.376953                      0.000000                      0.000000                      0.000000                      0.000000                      0.000000
                      4.100000                   1951.460815                      0.000000                      0.000000                      0.000000                      0.000000                      0.000000
                      4.200000                   1951.293091                      0.000000                      0.000000                      0.000000                      0.000000                      0.000000
                      4.300000                   1950.118408                      0.000000                      0.000000                      0.000000                      0.000000                      0.000000
                      4.400000                   1950.705688                      0.000000                      0.000000                      0.000000                      0.000000                      0.000000
                      4.500000                   1951.041382                      0.000000                      0.000000                      0.000000                      0.000000                      0.000000
                      4.600000                   1950.537842                      0.000000                      0.000000                      0.000000                      0.000000                      0.000000
                      4.700000                   1950.957275                      0.000000                      0.000000                      0.000000                      0.000000                      0.000000
                      4.800000                   1952.216064                      0.000000                      0.000000                      0.000000                      0.000000                      0.000000
                      4.900000                   1951.293091                      0.000000                      0.000000                      0.000000                      0.000000                      0.000000
                      5.000000                   1951.460815                      0.000000                      0.000000                      0.000000                      0.000000                      0.000000
                      5.100000                   1951.796387                      0.000000                      0.000000                      0.000000                      0.000000                      0.000000
                      5.200000                   1951.880249                      0.000000                      0.000000                      0.000000                      0.000000                      0.000000
                      5.300000                   1951.544678                      0.000000                      0.000000                      0.000000                      0.000000                      0.000000
                      5.400000                   1951.376953                      0.000000                      0.000000                      0.000000                      0.000000                      0.000000
                      5.500000                   1951.712524                      0.000000                      0.000000                      0.000000                      0.000000                      0.000000
                      5.600000                   1951.376953                      0.000000                      0.000000                      0.000000                      0.000000                      0.000000
                      5.700000                   1950.957275                      0.000000                      0.000000                      0.000000                      0.000000                      0.000000
                      5.800000                   1952.131958                      0.000000                      0.000000                      0.000000                      0.000000                      0.000000
                      5.900000                   1952.299927                      0.000000                      0.000000                      0.000000                      0.000000                      0.000000
                      6.000000                   1952.383789                      0.000000                      0.000000                      0.000000                      0.000000                      0.000000
                      6.100000                   1951.712524                      0.000000                      0.000000                      0.000000                      0.000000                      0.000000
                      6.200000                   1951.125244                      0.000000                      0.000000                      0.000000                      0.000000                      0.000000
                      6.300000                   1952.048096                      0.000000                      0.000000                      0.000000                      0.000000                      0.000000
                      6.400000                   1952.048096                      0.000000                      0.000000                      0.000000                      0.000000                      0.000000
                      6.500000                   1951.376953                      0.000000                      0.000000                      0.000000                      0.000000                      0.000000
                      6.600000                   1952.299927                      0.000000                      0.000000                      0.000000                      0.000000                      0.000000
                      6.700000                   1951.125244                      0.000000                      0.000000                      0.000000                      0.000000                      0.000000
                      6.800000                   1951.628662                      0.000000                      0.000000                      0.000000                      0.000000                      0.000000
                      6.900000                   1951.964233                      0.000000                      0.000000                      0.000000                      0.000000                      0.000000
                      7.000000                   1951.628662                      0.000000                      0.000000                      0.000000                      0.000000                      0.000000
                      7.100000                   1952.383789                      0.000000                      0.000000                      0.000000                      0.000000                      0.000000
                      7.200000                   1952.216064                      0.000000                      0.000000                      0.000000                      0.000000                      0.000000
                      7.300000                   1952.048096                      0.000000                      0.000000                      0.000000                      0.000000                      0.000000
                      7.400000                   1951.964233                      0.000000                      0.000000                      0.000000                      0.000000                      0.000000
                      7.500000                   1951.712524                      0.000000                      0.000000                      0.000000                      0.000000                      0.000000
                      7.600000                   1952.551636                      0.000000                      0.000000                      0.000000                      0.000000                      0.000000
                      7.700000                   1952.467651                      0.000000                      0.000000                      0.000000                      0.000000                      0.000000
                      7.800000                   1952.719360                      0.000000                      0.000000                      0.000000                      0.000000                      0.000000
                      7.900000                   1952.971069                      0.000000                      0.000000                      0.000000                      0.000000                      0.000000
                      8.000000                   1953.390747                      0.000000                      0.000000                      0.000000                      0.000000                      0.000000
                      8.100000                   1952.971069                      0.000000                      0.000000                      0.000000                      0.000000                      0.000000
                      8.200000                   1953.390747                      0.000000                      0.000000                      0.000000                      0.000000                      0.000000
                      8.300000                   1953.138916                      0.000000                      0.000000                      0.000000                      0.000000                      0.000000
                      8.400000                   1953.306763                      0.000000                      0.000000                      0.000000                      0.000000                      0.000000
                      8.500000                   1953.054932                      0.000000                      0.000000                      0.000000                      0.000000                      0.000000
                      8.600000                   1951.880249                      0.000000                      0.000000                      0.000000                      0.000000                      0.000000
                      8.700000                   1953.390747                      0.000000                      0.000000                      0.000000                      0.000000                      0.000000
                      8.800000                   1953.726318                      0.000000                      0.000000                      0.000000                      0.000000                      0.000000
                      8.900000                   1953.474609                      0.000000                      0.000000                      0.000000                      0.000000                      0.000000
                      9.000000                   1953.726318                      0.000000                      0.000000                      0.000000                      0.000000                      0.000000
                      9.100000                   1953.726318                      0.000000                      0.000000                      0.000000                      0.000000                      0.000000
                      9.200000                   1954.481445                      0.000000                      0.000000                      0.000000                      0.000000                      0.000000
                      9.300000                   1954.481445                      0.000000                      0.000000                      0.000000                      0.000000                      0.000000
                      9.400000                   1954.649292                      0.000000                      0.000000                      0.000000                      0.000000                      0.000000
                      9.500000                   1954.565308                      0.000000                      0.000000                      0.000000                      0.000000                      0.000000
                      9.600000                   1953.894043                      0.000000                      0.000000                      0.000000                      0.000000                      0.000000
                      9.700000                   1954.397461                      0.000000                      0.000000                      0.000000                      0.000000                      0.000000
                      9.800000                   1954.481445                      0.000000                      0.000000                      0.000000                      0.000000                      0.000000
                      9.900000                   1954.565308                      0.000000                      0.000000                      0.000000                      0.000000                      0.000000
                     10.000000                   1954.313477                      0.000000                      0.000000                      0.000000                      0.000000                      0.000000
                     10.100000                   1953.726318                      0.000000                      0.000000                      0.000000                      0.000000                      0.000000
                     10.200000                   1953.810181                      0.000000                      0.000000                      0.000000                      0.000000                      0.000000
                     10.300000                   1954.649292                      0.000000                      0.000000                      0.000000                      0.000000                      0.000000
                     10.400000                   1954.397461                      0.000000                      0.000000                      0.000000                      0.000000                      0.000000
                     10.500000                   1954.900879                      0.000000                      0.000000                      0.000000                      0.000000                      0.000000
                     10.600000                   1954.984863                      0.000000                      0.000000                      0.000000                      0.000000                      0.000000
                     10.700000                   1954.229614                      0.000000                      0.000000                      0.000000                      0.000000                      0.000000
                     10.800000                   1954.649292                      0.000000                      0.000000                      0.000000                      0.000000                      0.000000
                     10.900000                   1955.152588                      0.000000                      0.000000                      0.000000                      0.000000                      0.000000
                     11.000000                   1955.404297                      0.000000                      0.000000                      0.000000                      0.000000                      0.000000
                     11.100000                   1954.565308                      0.000000                      0.000000                      0.000000                      0.000000                      0.000000
                     11.200000                   1954.900879                      0.000000                      0.000000                      0.000000                      0.000000                      0.000000
                     11.300000                   1954.313477                      0.000000                      0.000000                      0.000000                      0.000000                      0.000000
                     11.400000                   1954.313477                      0.000000                      0.000000                      0.000000                      0.000000                      0.000000
                     11.500000                   1954.649292                      0.000000                      0.000000                      0.000000                      0.000000                      0.000000
                     11.600000                   1955.152588                      0.000000                      0.000000                      0.000000                      0.000000                      0.000000
                     11.700000                   1954.733154                      0.000000                      0.000000                      0.000000                      0.000000                      0.000000
                     11.800000                   1954.649292                      0.000000                      0.000000                      0.000000                      0.000000                      0.000000
                     11.900000                   1954.565308                      0.000000                      0.000000                      0.000000                      0.000000                      0.000000
                     12.000000                   1954.900879                      0.000000                      0.000000                      0.000000                      0.000000                      0.000000
                     12.100000                   1954.733154                      0.000000                      0.000000                      0.000000                      0.000000                      0.000000
                     12.200000                   1955.068726                      0.000000                      0.000000                      0.000000                      0.000000                      0.000000
                     12.300000                   1954.984863                      0.000000                      0.000000                      0.000000                      0.000000                      0.000000
                     12.400000                   1954.649292                      0.000000                      0.000000                      0.000000                      0.000000                      0.000000
                     12.500000                   1954.061890                      0.000000                      0.000000                      0.000000                      0.000000                      0.000000
                     12.600000                   1954.313477                      0.000000                      0.000000                      0.000000                      0.000000                      0.000000
                     12.700000                   1954.733154                      0.000000                      0.000000                      0.000000                      0.000000                      0.000000
                     12.800000                   1954.733154                      0.000000                      0.000000                      0.000000                      0.000000                      0.000000
                     12.900000                   1955.656128                      0.000000                      0.000000                      0.000000                      0.000000                      0.000000
                     13.000000                   1954.649292                      0.000000                      0.000000                      0.000000                      0.000000                      0.000000
                     13.100000                   1955.488159                      0.000000                      0.000000                      0.000000                      0.000000                      0.000000
                     13.200000                   1956.495117                      0.000000                      0.000000                      0.000000                      0.000000                      0.000000
                     13.300000                   1956.746948                      0.000000                      0.000000                      0.000000                      0.000000                      0.000000
                     13.400000                   1956.578979                      0.000000                      0.000000                      0.000000                      0.000000                      0.000000
                     13.500000                   1956.243408                      0.000000                      0.000000                      0.000000                      0.000000                      0.000000
                     13.600000                   1955.656128                      0.000000                      0.000000                      0.000000                      0.000000                      0.000000
                     13.700000                   1955.907837                      0.000000                      0.000000                      0.000000                      0.000000                      0.000000
                     13.800000                   1955.991699                      0.000000                      0.000000                      0.000000                      0.000000                      0.000000
                     13.900000                   1956.159546                      0.000000                      0.000000                      0.000000                      0.000000                      0.000000
                     14.000000                   1956.411133                      0.000000                      0.000000                      0.000000                      0.000000                      0.000000
                     14.100000                   1956.998535                      0.000000                      0.000000                      0.000000                      0.000000                      0.000000
                     14.200000                   1957.250244                      0.000000                      0.000000                      0.000000                      0.000000                      0.000000
                     14.300000                   1956.914673                      0.000000                      0.000000                      0.000000                      0.000000                      0.000000
                     14.400000                   1956.746948                      0.000000                      0.000000                      0.000000                      0.000000                      0.000000
                     14.500000                   1956.746948                      0.000000                      0.000000                      0.000000                      0.000000                      0.000000
                     14.600000                   1957.166382                      0.000000                      0.000000                      0.000000                      0.000000                      0.000000
                     14.700000                   1957.501953                      0.000000                      0.000000                      0.000000                      0.000000                      0.000000
                     14.800000                   1957.166382                      0.000000                      0.000000                      0.000000                      0.000000                      0.000000
                     14.900000                   1956.914673                      0.000000                      0.000000                      0.000000                      0.000000                      0.000000
                     15.000000                   1957.334106                      0.000000                      0.000000                      0.000000                      0.000000                      0.000000
                     15.100000                   1957.250244                      0.000000                      0.000000                      0.000000                      0.000000                      0.000000
                     15.200000                   1957.501953                      0.000000                      0.000000                      0.000000                      0.000000                      0.000000
                     15.300000                   1957.166382                      0.000000                      0.000000                      0.000000                      0.000000                      0.000000
                     15.400000                   1957.082520                      0.000000                      0.000000                      0.000000                      0.000000                      0.000000
                     15.500000                   1956.998535                      0.000000                      0.000000                      0.000000                      0.000000                      0.000000
                     15.600000                   1957.334106                      0.000000                      0.000000                      0.000000                      0.000000                      0.000000
                     15.700000                   1956.830811                      0.000000                      0.000000                      0.000000                      0.000000                      0.000000
                     15.800000                   1957.501953                      0.000000                      0.000000                      0.000000                      0.000000                      0.000000
                     15.900000                   1957.669800                      0.000000                      0.000000                      0.000000                      0.000000                      0.000000
                     16.000000                   1955.907837                      0.000000                      0.000000                      0.000000                      0.000000                      0.000000
                     16.100000                   1955.320435                      0.000000                      0.000000                      0.000000                      0.000000                      0.000000
                     16.200001                   1955.152588                      0.000000                      0.000000                      0.000000                      0.000000                      0.000000
                     16.299999                   1954.733154                      0.000000                      0.000000                      0.000000                      0.000000                      0.000000
                     16.400000                   1955.320435                      0.000000                      0.000000                      0.000000                      0.000000                      0.000000
                     16.500000                   1955.823975                      0.000000                      0.000000                      0.000000                      0.000000                      0.000000
                     16.600000                   1955.656128                      0.000000                      0.000000                      0.000000                      0.000000                      0.000000
                     16.700001                   1955.572266                      0.000000                      0.000000                      0.000000                      0.000000                      0.000000
                     16.799999                   1954.984863                      0.000000                      0.000000                      0.000000                      0.000000                      0.000000
                     16.900000                   1954.984863                      0.000000                      0.000000                      0.000000                      0.000000                      0.000000
                     17.000000                   1955.152588                      0.000000                      0.000000                      0.000000                      0.000000                      0.000000
                     17.100000                   1955.236450                      0.000000                      0.000000                      0.000000                      0.000000                      0.000000
                     17.200001                   1955.152588                      0.000000                      0.000000                      0.000000                      0.000000                      0.000000
                     17.299999                   1955.488159                      0.000000                      0.000000                      0.000000                      0.000000                      0.000000
                     17.400000                   1955.152588                      0.000000                      0.000000                      0.000000                      0.000000                      0.000000
                     17.500000                   1955.572266                      0.000000                      0.000000                      0.000000                      0.000000                      0.000000
                     17.600000                   1956.075562                      0.000000                      0.000000                      0.000000                      0.000000                      0.000000
                     17.700001                   1955.907837                      0.000000                      0.000000                      0.000000                      0.000000                      0.000000
                     17.799999                   1955.991699                      0.000000                      0.000000                      0.000000                      0.000000                      0.000000
                     17.900000                   1955.907837                      0.000000                      0.000000                      0.000000                      0.000000                      0.000000
                     18.000000                   1955.991699                      0.000000                      0.000000                      0.000000                      0.000000                      0.000000
                     18.100000                   1955.823975                      0.000000                      0.000000                      0.000000                      0.000000                      0.000000
                     18.200001                   1955.823975                      0.000000                      0.000000                      0.000000                      0.000000                      0.000000
                     18.299999                   1955.739990                      0.000000                      0.000000                      0.000000                      0.000000                      0.000000
                     18.400000                   1956.159546                      0.000000                      0.000000                      0.000000                      0.000000                      0.000000
                     18.500000                   1956.159546                      0.000000                      0.000000                      0.000000                      0.000000                      0.000000
                     18.600000                   1955.739990                      0.000000                      0.000000                      0.000000                      0.000000                      0.000000
                     18.700001                   1955.656128                      0.000000                      0.000000                      0.000000                      0.000000                      0.000000
                     18.799999                   1955.572266                      0.000000                      0.000000                      0.000000                      0.000000                      0.000000
                     18.900000                   1955.991699                      0.000000                      0.000000                      0.000000                      0.000000                      0.000000
                     19.000000                   1955.907837                      0.000000                      0.000000                      0.000000                      0.000000                      0.000000
                     19.100000                   1955.656128                      0.000000                      0.000000                      0.000000                      0.000000                      0.000000
                     19.200001                   1955.404297                      0.000000                      0.000000                      0.000000                      0.000000                      0.000000
                     19.299999                   1956.159546                      0.000000                      0.000000                      0.000000                      0.000000                      0.000000
                     19.400000                   1955.991699                      0.000000                      0.000000                      0.000000                      0.000000                      0.000000
                     19.500000                   1955.656128                      0.000000                      0.000000                      0.000000                      0.000000                      0.000000
                     19.600000                   1956.159546                      0.000000                      0.000000                      0.000000                      0.000000                      0.000000
                     19.700001                   1955.823975                      0.000000                      0.000000                      0.000000                      0.000000                      0.000000
                     19.799999                   1955.404297                      0.000000                      0.000000                      0.000000                      0.000000                      0.000000
                       Time(s)                         E(mV)                         I(mA)                         Q(mC)                 Capacity(mAh)                    Energy(Wh)                          P(W)
                      0.100000                   1950.789551                      0.000000                      0.000000                      0.000000                      0.000000                      0.000000
                      0.200000                   1951.041382                      0.000000                      0.000000                      0.000000                      0.000000                      0.000000
                      0.300000                   1951.041382                      0.000000                      0.000000                      0.000000                      0.000000                      0.000000
                      0.400000                   1951.293091                      0.000000                      0.000000                      0.000000                      0.000000                      0.000000
                      0.500000                   1951.712524                      0.000000                      0.000000                      0.000000                      0.000000                      0.000000
                      0.600000                   1951.880249                      0.000000                      0.000000                      0.000000                      0.000000                      0.000000
                      0.700000                   1952.635498                      0.000000                      0.000000                      0.000000                      0.000000                      0.000000
                      0.800000                   1952.971069                      0.000000                      0.000000                      0.000000                      0.000000                      0.000000
                      0.900000                   1952.551636                      0.000000                      0.000000                      0.000000                      0.000000                      0.000000
                      1.000000                   1952.383789                      0.000000                      0.000000                      0.000000                      0.000000                      0.000000
                      1.100000                   1952.216064                      0.000000                      0.000000                      0.000000                      0.000000                      0.000000
                      1.200000                   1952.383789                      0.000000                      0.000000                      0.000000                      0.000000                      0.000000
                      1.300000                   1952.216064                      0.000000                      0.000000                      0.000000                      0.000000                      0.000000
                      1.400000                   1952.299927                      0.000000                      0.000000                      0.000000                      0.000000                      0.000000
                      1.500000                   1952.299927                      0.000000                      0.000000                      0.000000                      0.000000                      0.000000
                      1.600000                   1951.796387                      0.000000                      0.000000                      0.000000                      0.000000                      0.000000
                      1.700000                   1952.383789                      0.000000                      0.000000                      0.000000                      0.000000                      0.000000
                      1.800000                   1952.551636                      0.000000                      0.000000                      0.000000                      0.000000                      0.000000
                      1.900000                   1952.551636                      0.000000                      0.000000                      0.000000                      0.000000                      0.000000
                      2.000000                   1952.887207                      0.000000                      0.000000                      0.000000                      0.000000                      0.000000
                      2.100000                   1952.803223                      0.000000                      0.000000                      0.000000                      0.000000                      0.000000
                      2.200000                   1953.138916                      0.000000                      0.000000                      0.000000                      0.000000                      0.000000
                      2.300000                   1953.810181                      0.000000                      0.000000                      0.000000                      0.000000                      0.000000
                      2.400000                   1953.726318                      0.000000                      0.000000                      0.000000                      0.000000                      0.000000
                      2.500000                   1953.810181                      0.000000                      0.000000                      0.000000                      0.000000                      0.000000
                      2.600000                   1953.642334                      0.000000                      0.000000                      0.000000                      0.000000                      0.000000
                      2.700000                   1953.054932                      0.000000                      0.000000                      0.000000                      0.000000                      0.000000
                      2.800000                   1953.222778                      0.000000                      0.000000                      0.000000                      0.000000                      0.000000
                      2.900000                   1953.054932                      0.000000                      0.000000                      0.000000                      0.000000                      0.000000
                      3.000000                   1953.138916                      0.000000                      0.000000                      0.000000                      0.000000                      0.000000
                      3.100000                   1953.642334                      0.000000                      0.000000                      0.000000                      0.000000                      0.000000
                      3.200000                   1953.642334                      0.000000                      0.000000                      0.000000                      0.000000                      0.000000
                      3.300000                   1953.894043                      0.000000                      0.000000                      0.000000                      0.000000                      0.000000
                      3.400000                   1953.390747                      0.000000                      0.000000                      0.000000                      0.000000                      0.000000
                      3.500000                   1953.474609                      0.000000                      0.000000                      0.000000                      0.000000                      0.000000
                      3.600000                   1953.810181                      0.000000                      0.000000                      0.000000                      0.000000                      0.000000
                      3.700000                   1953.306763                      0.000000                      0.000000                      0.000000                      0.000000                      0.000000
                      3.800000                   1953.054932                      0.000000                      0.000000                      0.000000                      0.000000                      0.000000
                      3.900000                   1953.474609                      0.000000                      0.000000                      0.000000                      0.000000                      0.000000
                      4.000000                   1953.306763                      0.000000                      0.000000                      0.000000                      0.000000                      0.000000
                      4.100000                   1953.222778                      0.000000                      0.000000                      0.000000                      0.000000                      0.000000
                      4.200000                   1953.390747                      0.000000                      0.000000                      0.000000                      0.000000                      0.000000
                      4.300000                   1953.306763                      0.000000                      0.000000                      0.000000                      0.000000                      0.000000
                      4.400000                   1953.054932                      0.000000                      0.000000                      0.000000                      0.000000                      0.000000
                      4.500000                   1953.642334                      0.000000                      0.000000                      0.000000                      0.000000                      0.000000
                      4.600000                   1953.977905                      0.000000                      0.000000                      0.000000                      0.000000                      0.000000
                      4.700000                   1953.894043                      0.000000                      0.000000                      0.000000                      0.000000                      0.000000
                      4.800000                   1954.229614                      0.000000                      0.000000                      0.000000                      0.000000                      0.000000
                      4.900000                   1955.068726                      0.000000                      0.000000                      0.000000                      0.000000                      0.000000
                      5.000000                   1954.481445                      0.000000                      0.000000                      0.000000                      0.000000                      0.000000
                      5.100000                   1954.649292                      0.000000                      0.000000                      0.000000                      0.000000                      0.000000
                      5.200000                   1953.642334                      0.000000                      0.000000                      0.000000                      0.000000                      0.000000
                      5.300000                   1954.145752                      0.000000                      0.000000                      0.000000                      0.000000                      0.000000
                      5.400000                   1953.977905                      0.000000                      0.000000                      0.000000                      0.000000                      0.000000
                      5.500000                   1956.411133                      0.000000                      0.000000                      0.000000                      0.000000                      0.000000
                      5.600000                   1956.746948                      0.000000                      0.000000                      0.000000                      0.000000                      0.000000
                      5.700000                   1956.578979                      0.000000                      0.000000                      0.000000                      0.000000                      0.000000
                      5.800000                   1956.578979                      0.000000                      0.000000                      0.000000                      0.000000                      0.000000
                      5.900000                   1956.327271                      0.000000                      0.000000                      0.000000                      0.000000                      0.000000
                      6.000000                   1956.327271                      0.000000                      0.000000                      0.000000                      0.000000                      0.000000
                      6.100000                   1955.656128                      0.000000                      0.000000                      0.000000                      0.000000                      0.000000
                      6.200000                   1955.572266                      0.000000                      0.000000                      0.000000                      0.000000                      0.000000
                      6.300000                   1954.817017                      0.000000                      0.000000                      0.000000                      0.000000                      0.000000
                      6.400000                   1954.565308                      0.000000                      0.000000                      0.000000                      0.000000                      0.000000
                      6.500000                   1954.900879                      0.000000                      0.000000                      0.000000                      0.000000                      0.000000
                      6.600000                   1954.817017                      0.000000                      0.000000                      0.000000                      0.000000                      0.000000
                      6.700000                   1955.236450                      0.000000                      0.000000                      0.000000                      0.000000                      0.000000
                      6.800000                   1954.733154                      0.000000                      0.000000                      0.000000                      0.000000                      0.000000
                      6.900000                   1954.733154                      0.000000                      0.000000                      0.000000                      0.000000                      0.000000
                      7.000000                   1954.145752                      0.000000                      0.000000                      0.000000                      0.000000                      0.000000
                      7.100000                   1954.733154                      0.000000                      0.000000                      0.000000                      0.000000                      0.000000
                      7.200000                   1955.236450                      0.000000                      0.000000                      0.000000                      0.000000                      0.000000
                      7.300000                   1955.320435                      0.000000                      0.000000                      0.000000                      0.000000                      0.000000
                      7.400000                   1955.320435                      0.000000                      0.000000                      0.000000                      0.000000                      0.000000
                      7.500000                   1955.488159                      0.000000                      0.000000                      0.000000                      0.000000                      0.000000
                      7.600000                   1955.320435                      0.000000                      0.000000                      0.000000                      0.000000                      0.000000
                      7.700000                   1954.984863                      0.000000                      0.000000                      0.000000                      0.000000                      0.000000
                      7.800000                   1955.572266                      0.000000                      0.000000                      0.000000                      0.000000                      0.000000
                      7.900000                   1954.649292                      0.000000                      0.000000                      0.000000                      0.000000                      0.000000
                      8.000000                   1954.145752                      0.000000                      0.000000                      0.000000                      0.000000                      0.000000
                      8.100000                   1954.229614                      0.000000                      0.000000                      0.000000                      0.000000                      0.000000
                      8.200000                   1953.726318                      0.000000                      0.000000                      0.000000                      0.000000                      0.000000
                      8.300000                   1954.145752                      0.000000                      0.000000                      0.000000                      0.000000                      0.000000
                      8.400000                   1954.565308                      0.000000                      0.000000                      0.000000                      0.000000                      0.000000
                      8.500000                   1954.817017                      0.000000                      0.000000                      0.000000                      0.000000                      0.000000
                      8.600000                   1955.068726                      0.000000                      0.000000                      0.000000                      0.000000                      0.000000
                      8.700000                   1955.068726                      0.000000                      0.000000                      0.000000                      0.000000                      0.000000
                      8.800000                   1954.565308                      0.000000                      0.000000                      0.000000                      0.000000                      0.000000
                      8.900000                   1954.565308                      0.000000                      0.000000                      0.000000                      0.000000                      0.000000
                      9.000000                   1953.894043                      0.000000                      0.000000                      0.000000                      0.000000                      0.000000
                      9.100000                   1954.061890                      0.000000                      0.000000                      0.000000                      0.000000                      0.000000
                      9.200000                   1955.068726                      0.000000                      0.000000                      0.000000                      0.000000                      0.000000
                      9.300000                   1954.145752                      0.000000                      0.000000                      0.000000                      0.000000                      0.000000
                      9.400000                   1955.152588                      0.000000                      0.000000                      0.000000                      0.000000                      0.000000
                      9.500000                   1953.977905                      0.000000                      0.000000                      0.000000                      0.000000                      0.000000
                      9.600000                   1954.145752                      0.000000                      0.000000                      0.000000                      0.000000                      0.000000
                      9.700000                   1954.061890                      0.000000                      0.000000                      0.000000                      0.000000                      0.000000
                      9.800000                   1953.894043                      0.000000                      0.000000                      0.000000                      0.000000                      0.000000
                      9.900000                   1954.145752                      0.000000                      0.000000                      0.000000                      0.000000                      0.000000
                     10.000000                   1954.145752                      0.000000                      0.000000                      0.000000                      0.000000                      0.000000
                     10.100000                   1954.061890                      0.000000                      0.000000                      0.000000                      0.000000                      0.000000
                     10.200000                   1953.977905                      0.000000                      0.000000                      0.000000                      0.000000                      0.000000
                     10.300000                   1953.642334                      0.000000                      0.000000                      0.000000                      0.000000                      0.000000
                     10.400000                   1953.894043                      0.000000                      0.000000                      0.000000                      0.000000                      0.000000
                     10.500000                   1953.894043                      0.000000                      0.000000                      0.000000                      0.000000                      0.000000
                     10.600000                   1953.726318                      0.000000                      0.000000                      0.000000                      0.000000                      0.000000
                     10.700000                   1953.810181                      0.000000                      0.000000                      0.000000                      0.000000                      0.000000
                     10.800000                   1954.061890                      0.000000                      0.000000                      0.000000                      0.000000                      0.000000
                     10.900000                   1953.977905                      0.000000                      0.000000                      0.000000                      0.000000                      0.000000
                     11.000000                   1954.061890                      0.000000                      0.000000                      0.000000                      0.000000                      0.000000
                     11.100000                   1954.061890                      0.000000                      0.000000                      0.000000                      0.000000                      0.000000
                     11.200000                   1953.726318                      0.000000                      0.000000                      0.000000                      0.000000                      0.000000
                     11.300000                   1953.977905                      0.000000                      0.000000                      0.000000                      0.000000                      0.000000
                     11.400000                   1953.894043                      0.000000                      0.000000                      0.000000                      0.000000                      0.000000
                     11.500000                   1953.810181                      0.000000                      0.000000                      0.000000                      0.000000                      0.000000
                     11.600000                   1953.810181                      0.000000                      0.000000                      0.000000                      0.000000                      0.000000
                     11.700000                   1953.977905                      0.000000                      0.000000                      0.000000                      0.000000                      0.000000
                     11.800000                   1953.558472                      0.000000                      0.000000                      0.000000                      0.000000                      0.000000
                     11.900000                   1952.803223                      0.000000                      0.000000                      0.000000                      0.000000                      0.000000
                     12.000000                   1953.306763                      0.000000                      0.000000                      0.000000                      0.000000                      0.000000
                     12.100000                   1953.390747                      0.000000                      0.000000                      0.000000                      0.000000                      0.000000
                     12.200000                   1953.222778                      0.000000                      0.000000                      0.000000                      0.000000                      0.000000
                     12.300000                   1953.894043                      0.000000                      0.000000                      0.000000                      0.000000                      0.000000
                     12.400000                   1953.474609                      0.000000                      0.000000                      0.000000                      0.000000                      0.000000
                     12.500000                   1953.726318                      0.000000                      0.000000                      0.000000                      0.000000                      0.000000
                     12.600000                   1954.061890                      0.000000                      0.000000                      0.000000                      0.000000                      0.000000
                     12.700000                   1953.977905                      0.000000                      0.000000                      0.000000                      0.000000                      0.000000
                     12.800000                   1954.145752                      0.000000                      0.000000                      0.000000                      0.000000                      0.000000
                     12.900000                   1953.642334                      0.000000                      0.000000                      0.000000                      0.000000                      0.000000
                     13.000000                   1953.558472                      0.000000                      0.000000                      0.000000                      0.000000                      0.000000
                     13.100000                   1953.726318                      0.000000                      0.000000                      0.000000                      0.000000                      0.000000
                     13.200000                   1953.810181                      0.000000                      0.000000                      0.000000                      0.000000                      0.000000
                     13.300000                   1953.810181                      0.000000                      0.000000                      0.000000                      0.000000                      0.000000
                     13.400000                   1953.558472                      0.000000                      0.000000                      0.000000                      0.000000                      0.000000
                     13.500000                   1953.810181                      0.000000                      0.000000                      0.000000                      0.000000                      0.000000
                     13.600000                   1953.474609                      0.000000                      0.000000                      0.000000                      0.000000                      0.000000
                     13.700000                   1953.558472                      0.000000                      0.000000                      0.000000                      0.000000                      0.000000
                     13.800000                   1953.054932                      0.000000                      0.000000                      0.000000                      0.000000                      0.000000
                     13.900000                   1953.306763                      0.000000                      0.000000                      0.000000                      0.000000                      0.000000
                     14.000000                   1953.558472                      0.000000                      0.000000                      0.000000                      0.000000                      0.000000
                     14.100000                   1953.306763                      0.000000                      0.000000                      0.000000                      0.000000                      0.000000
                     14.200000                   1953.474609                      0.000000                      0.000000                      0.000000                      0.000000                      0.000000
                     14.300000                   1953.306763                      0.000000                      0.000000                      0.000000                      0.000000                      0.000000
                     14.400000                   1953.054932                      0.000000                      0.000000                      0.000000                      0.000000                      0.000000
                     14.500000                   1953.474609                      0.000000                      0.000000                      0.000000                      0.000000                      0.000000
                     14.600000                   1953.894043                      0.000000                      0.000000                      0.000000                      0.000000                      0.000000
                     14.700000                   1953.894043                      0.000000                      0.000000                      0.000000                      0.000000                      0.000000
                     14.800000                   1953.977905                      0.000000                      0.000000                      0.000000                      0.000000                      0.000000
                     14.900000                   1953.894043                      0.000000                      0.000000                      0.000000                      0.000000                      0.000000
                     15.000000                   1953.222778                      0.000000                      0.000000                      0.000000                      0.000000                      0.000000
                     15.100000                   1953.558472                      0.000000                      0.000000                      0.000000                      0.000000                      0.000000
                     15.200000                   1953.222778                      0.000000                      0.000000                      0.000000                      0.000000                      0.000000
                     15.300000                   1953.642334                      0.000000                      0.000000                      0.000000                      0.000000                      0.000000
                     15.400000                   1953.726318                      0.000000                      0.000000                      0.000000                      0.000000                      0.000000
                     15.500000                   1953.474609                      0.000000                      0.000000                      0.000000                      0.000000                      0.000000
                     15.600000                   1953.390747                      0.000000                      0.000000                      0.000000                      0.000000                      0.000000
                     15.700000                   1953.390747                      0.000000                      0.000000                      0.000000                      0.000000                      0.000000
                     15.800000                   1953.390747                      0.000000                      0.000000                      0.000000                      0.000000                      0.000000
                     15.900000                   1953.138916                      0.000000                      0.000000                      0.000000                      0.000000                      0.000000
                     16.000000                   1953.306763                      0.000000                      0.000000                      0.000000                      0.000000                      0.000000
                     16.100000                   1953.054932                      0.000000                      0.000000                      0.000000                      0.000000                      0.000000
                     16.200001                   1953.474609                      0.000000                      0.000000                      0.000000                      0.000000                      0.000000
                     16.299999                   1952.216064                      0.000000                      0.000000                      0.000000                      0.000000                      0.000000
                     16.400000                   1952.299927                      0.000000                      0.000000                      0.000000                      0.000000                      0.000000
                     16.500000                   1951.796387                      0.000000                      0.000000                      0.000000                      0.000000                      0.000000
                     16.600000                   1951.964233                      0.000000                      0.000000                      0.000000                      0.000000                      0.000000
                     16.700001                   1952.887207                      0.000000                      0.000000                      0.000000                      0.000000                      0.000000
                     16.799999                   1952.216064                      0.000000                      0.000000                      0.000000                      0.000000                      0.000000
                     16.900000                   1952.048096                      0.000000                      0.000000                      0.000000                      0.000000                      0.000000
                     17.000000                   1952.635498                      0.000000                      0.000000                      0.000000                      0.000000                      0.000000
                     17.100000                   1953.222778                      0.000000                      0.000000                      0.000000                      0.000000                      0.000000
                     17.200001                   1952.887207                      0.000000                      0.000000                      0.000000                      0.000000                      0.000000
                     17.299999                   1953.054932                      0.000000                      0.000000                      0.000000                      0.000000                      0.000000
                     17.400000                   1952.551636                      0.000000                      0.000000                      0.000000                      0.000000                      0.000000
                     17.500000                   1953.138916                      0.000000                      0.000000                      0.000000                      0.000000                      0.000000
                     17.600000                   1952.551636                      0.000000                      0.000000                      0.000000                      0.000000                      0.000000
                     17.700001                   1952.971069                      0.000000                      0.000000                      0.000000                      0.000000                      0.000000
                     17.799999                   1952.467651                      0.000000                      0.000000                      0.000000                      0.000000                      0.000000
                     17.900000                   1952.719360                      0.000000                      0.000000                      0.000000                      0.000000                      0.000000
                     18.000000                   1952.635498                      0.000000                      0.000000                      0.000000                      0.000000                      0.000000
                     18.100000                   1952.383789                      0.000000                      0.000000                      0.000000                      0.000000                      0.000000
                     18.200001                   1951.964233                      0.000000                      0.000000                      0.000000                      0.000000                      0.000000
                     18.299999                   1952.803223                      0.000000                      0.000000                      0.000000                      0.000000                      0.000000
                     18.400000                   1952.467651                      0.000000                      0.000000                      0.000000                      0.000000                      0.000000
                     18.500000                   1952.635498                      0.000000                      0.000000                      0.000000                      0.000000                      0.000000
                     18.600000                   1952.887207                      0.000000                      0.000000                      0.000000                      0.000000                      0.000000
                     18.700001                   1952.803223                      0.000000                      0.000000                      0.000000                      0.000000                      0.000000
                     18.799999                   1952.467651                      0.000000                      0.000000                      0.000000                      0.000000                      0.000000
                     18.900000                   1952.467651                      0.000000                      0.000000                      0.000000                      0.000000                      0.000000
                     19.000000                   1952.887207                      0.000000                      0.000000                      0.000000                      0.000000                      0.000000
                     19.100000                   1952.719360                      0.000000                      0.000000                      0.000000                      0.000000                      0.000000
                     19.200001                   1952.048096                      0.000000                      0.000000                      0.000000                      0.000000                      0.000000
                     19.299999                   1952.299927                      0.000000                      0.000000                      0.000000                      0.000000                      0.000000
                     19.400000                   1951.964233                      0.000000                      0.000000                      0.000000                      0.000000                      0.000000
                     19.500000                   1951.964233                      0.000000                      0.000000                      0.000000                      0.000000                      0.000000
                     19.600000                   1951.712524                      0.000000                      0.000000                      0.000000                      0.000000                      0.000000
                     19.700001                   1951.964233                      0.000000                      0.000000                      0.000000                      0.000000                      0.000000
                     19.799999                   1951.376953                      0.000000                      0.000000                      0.000000                      0.000000                      0.000000
