16.496559
16.146959
15.81821
15.46751
15.20074
14.866
14.5462
14.17856
13.92154
13.60859
13.32205
13.06314
12.7072
12.4604
12.18381
11.94827
11.64681
11.34987
11.10272
10.85965
10.62363
10.36767
10.12777
9.901651
9.668454
9.399423
9.195107
8.974363
8.764226
8.533782
8.345419
8.142023
7.926264
7.747702
7.546109
7.352582
7.174103
7.0069
6.809594
6.602298
6.47798
6.288405
6.130518
5.965337
5.798906
5.628089
5.485823
5.305158
5.185282
5.023782
4.896255
4.773797
4.591048
4.458785
4.350686
4.211085
4.091529
3.972563
3.835971
3.708518
3.614085
3.485131
3.375944
3.266114
3.164269
3.037882
2.944078
2.830977
2.7228
2.636303
2.527908
2.432353
2.349517
2.260035
2.172014
2.085537
1.999961
1.919229
1.836348
1.755031
1.683423
1.607314
1.532637
1.459058
1.390278
1.321006
1.262984
1.179027
1.120727
1.058529
1.001884
0.953102
0.896011
0.834755
0.783177
0.73221
0.677408
0.627203
0.588995
0.541634
0.492931
0.451189
0.406806
0.368571
0.33442
0.293234
0.259192
0.22361
0.190409
0.159663
0.127472
0.095472
0.06824
0.041128
0.014726
-0.016816
-0.03967
-0.065693
-0.089475
-0.117732
-0.138388
-0.161459
-0.187803
-0.20831
-0.229624
-0.251337
-0.273406
-0.292264
-0.31229
-0.330099
-0.346236
-0.369103
-0.380401
-0.396373
-0.408992
-0.421166
-0.434612
-0.448614
-0.45418
-0.464221
-0.474384
-0.481426
-0.485971
-0.491405
-0.497354
-0.504109
-0.503808
-0.509662
-0.516854
-0.511158
-0.513152
-0.513511
-0.512742
-0.509696
-0.510024
-0.506431
-0.504061
-0.498774
-0.494861
-0.49467
-0.486323
-0.479643
-0.475709
-0.467605
-0.459006
-0.45179
-0.443389
-0.435875
-0.425179
-0.417133
-0.40852
-0.400659
-0.390769
-0.378584
-0.359992
-0.357164
-0.345252
-0.333832
-0.318495
-0.308567
-0.304713
-0.296724
-0.269874
-0.260524
-0.245846
-0.237581
-0.217705
-0.210267
-0.204223
-0.179274
-0.16068
-0.144554
-0.120464
-0.116426
-0.098068
-0.087652
-0.072332
-0.054409
0.141219
0.072564
