1.57619
1.649709
1.565608
1.559784
1.55378
1.548196
1.541388
1.536912
1.530681
1.526248
1.5208
1.514144
1.509416
1.503509
1.498406
1.491437
1.485887
1.481079
1.474942
1.469108
1.464378
1.458431
1.453157
1.447452
1.442392
1.436194
1.43144
1.425762
1.420933
1.415851
1.410628
1.405152
1.4008
1.3963
1.390378
1.386164
1.380804
1.376147
1.370653
1.365719
1.36129
1.356358
1.350806
1.347259
1.342025
1.336881
1.333279
1.329198
1.324419
1.319734
1.315199
1.31104
1.306704
1.302048
1.297894
1.293359
1.289209
1.284903
1.2809
1.276571
1.272413
1.268525
1.263861
1.260394
1.256604
1.252505
1.248889
1.244459
1.240527
1.236739
1.232909
1.229477
1.225484
1.221827
1.218008
1.214425
1.210783
1.207089
1.203516
1.20013
1.196525
1.193276
1.189546
1.1863
1.182895
1.179552
1.176271
1.17307
1.169657
1.166449
1.163218
1.160176
1.156951
1.153842
1.150777
1.147781
1.144793
1.141764
1.138769
1.13592
1.133027
1.130211
1.127354
1.124649
1.121854
1.119116
1.116446
1.11385
1.111225
1.108652
1.106153
1.103793
1.101224
1.09883
1.096439
1.094114
1.091777
1.089613
1.087415
1.08529
1.083156
1.081121
1.079028
1.077077
1.075096
1.073131
1.071267
1.069394
1.067521
1.065726
1.063936
1.062141
1.060434
1.05868
1.056997
1.055324
1.05368
1.052071
1.050482
1.048889
1.047353
1.045792
1.044307
1.042743
1.041344
1.039867
1.03846
1.037086
1.035714
1.034363
1.032996
1.031778
1.030501
1.029268
1.028017
1.026879
1.025706
1.024593
1.023452
1.02242
1.021329
1.020317
1.019214
1.018283
1.017286
1.016404
1.015502
1.014635
1.013805
1.012929
1.012102
1.01136
1.01064
1.009888
1.009236
1.008561
1.007853
1.007279
1.006751
1.006149
1.005302
1.005405
1.004537
1.004268
1.004032
1.003344
1.003056
1.002659
1.002231
1.001938
1.001601
1.001266
1.001325
1.000956
1.000824
1.000612
1.000499
1.000312
0.999729
1.00005
