62.034031
61.677368
61.37384
61.015739
60.672878
59.944
59.871021
59.445019
59.314301
58.782829
58.461239
57.939781
57.487751
57.18689
56.718491
56.525532
55.952969
55.569439
55.273899
54.746101
54.461891
54.099579
53.705608
53.27293
52.99366
52.469269
51.956169
51.84306
51.29414
50.663738
50.527809
50.225128
49.727829
49.402039
48.995239
48.560501
48.19907
47.799461
47.481289
47.113819
46.6558
46.398411
45.90844
45.50872
45.117531
44.702091
44.367531
44.083389
43.630531
43.235111
42.862679
42.463989
42.14209
41.748051
41.337471
41.050621
40.676651
40.336269
39.951889
39.562092
39.22422
38.84465
38.528191
38.121071
37.962528
37.581558
37.18811
36.824909
36.389938
36.10207
35.794601
35.444481
35.10738
34.85474
34.447571
34.041031
33.79068
33.390129
33.155239
32.780251
32.455151
32.151241
31.83741
31.55304
31.25325
30.876909
30.60236
30.330191
29.944759
29.69215
29.35277
29.058029
28.768221
28.48357
28.234301
27.9144
27.630699
27.315741
27.065701
26.783689
26.479851
26.19735
25.942301
25.67244
25.414961
25.125879
24.90057
24.61137
24.354719
24.102221
23.82427
23.637939
23.35593
23.103201
22.88509
22.62085
22.369619
22.11334
21.89361
21.6299
21.428801
21.20936
20.947201
20.7523
20.54092
20.313049
20.060591
19.86153
19.67161
19.436991
19.232691
19.006229
18.797951
18.587179
18.400379
18.19721
17.99964
17.78647
17.59845
17.396749
17.212851
17.029249
16.840851
16.65206
16.46244
16.283461
16.10367
15.92631
15.76656
15.58466
15.39995
15.23598
15.07106
14.88939
14.71664
14.57826
14.4151
14.24653
14.08547
13.9348
13.76672
13.62225
13.481
13.3232
13.16076
13.018
12.86876
12.73162
12.58334
12.44594
12.30557
12.16649
12.03605
11.90173
11.76046
11.62331
11.49716
11.36845
11.2448
11.12376
10.98999
10.86317
10.74615
10.62438
10.5014
10.39338
10.26823
10.14431
10.02929
9.917298
9.819029
9.698637
9.58404
9.481662
9.376307
9.265012
9.158834
9.048444
8.943532
8.858222
8.757974
8.743267
8.782052
8.738513
8.722234
8.261674
8.253792
8.276277
8.286399
8.27099
7.872618
7.885931
7.825973
7.852737
7.49187
7.538389
7.480482
7.497793
7.143709
7.159009
7.134888
7.13819
6.852155
6.832211
6.826679
6.560077
6.556268
6.544305
6.555943
6.284006
6.315425
6.298077
6.042272
6.068892
6.077024
6.082597
5.84669
5.877023
5.849545
5.631382
5.606967
5.636613
5.47321
5.461487
5.453673
5.229056
5.237259
5.282632
5.093053
5.085991
4.933486
4.944519
4.952365
4.786433
4.796446
4.776461
4.644472
4.655177
4.481331
4.494005
4.507006
4.385444
4.407234
4.265945
4.264079
4.124895
4.133501
4.152837
4.046911
4.095791
3.94002
3.944475
3.860477
3.828195
3.756071
3.760248
3.673303
3.694364
3.578981
3.602332
3.495909
3.495677
3.4571
3.439943
3.352885
3.347911
3.276933
3.228221
3.192813
3.173197
3.187636
3.116977
3.112326
3.021173
2.962314
2.987306
2.932774
2.932583
2.863741
2.811485
2.835608
2.747471
2.732819
2.732062
2.68908
2.614337
2.679333
2.552008
2.553425
2.500109
2.537945
2.455863
2.408434
2.406747
2.387178
2.371462
2.338452
2.312784
2.262575
2.254589
2.207531
2.167125
2.184452
2.180606
2.114121
2.110553
2.081726
2.071111
2.033054
2.011539
1.978194
1.962115
1.905534
1.904387
1.906231
1.856042
1.846159
1.829794
1.812216
1.790213
1.753883
1.716329
1.707281
1.68315
1.710812
1.676347
1.646793
1.640395
1.616856
1.57819
1.580246
1.557751
1.53014
1.496433
1.485375
1.497928
1.451682
1.450104
1.450186
1.418202
1.376331
1.395613
1.389151
1.334032
1.304047
1.313379
1.28351
1.21822
1.288574
1.245874
1.261987
1.24332
1.23875
1.208821
1.202564
1.168249
1.173017
1.126291
1.137643
1.117228
1.118594
1.097282
1.061097
1.061917
1.054212
1.066917
1.008245
1.02489
1.044117
0.999697
1.014106
0.95275
0.949164
0.951841
0.957736
0.93004
0.910447
0.913056
0.900205
0.882633
0.892334
0.895759
0.838747
0.846588
0.846698
0.811085
0.814937
0.80711
0.83581
0.803019
0.781155
0.763458
0.736506
0.743289
0.739231
0.724724
0.705955
0.728986
0.729314
0.71312
0.703025
0.702799
0.70452
0.699391
0.670144
0.650022
0.681735
0.666053
0.619348
0.621445
0.604663
0.60669
0.605305
0.603109
0.613144
0.578558
0.577042
0.560472
0.54453
0.566045
0.5363
0.542355
0.555677
0.54035
0.513501
0.552726
0.530378
0.502716
0.522836
0.485326
0.497156
0.475231
0.491234
0.51204
0.468483
0.47284
0.44429
0.468882
0.457985
0.449153
0.440161
