0.554174
0.56092
0.566137
0.570887
0.575976
0.581078
0.586165
0.591188
0.598287
0.601315
0.608056
0.613727
0.617404
0.620703
0.626264
0.63334
0.638369
0.642321
0.648525
0.651977
0.657966
0.661735
0.666438
0.673669
0.675631
0.68114
0.685984
0.691394
0.69469
0.697159
0.704355
0.708618
0.714565
0.717611
0.721412
0.726894
0.729237
0.734544
0.739574
0.743216
0.746352
0.748756
0.754133
0.75993
0.764381
0.766193
0.769924
0.774127
0.779201
0.782327
0.785287
0.790448
0.792912
0.797115
0.799637
0.803437
0.8066
0.810019
0.812751
0.816582
0.820098
0.822961
0.825722
0.829595
0.835417
0.838632
0.842142
0.844166
0.847958
0.849581
0.852878
0.854713
0.857864
0.862163
0.862036
0.866267
0.867971
0.87047
0.873452
0.874873
0.878073
0.880023
0.882378
0.88345
0.88778
0.888997
0.89093
0.893589
0.896224
0.897438
0.899017
0.900893
0.902691
0.904736
0.907469
0.90874
0.910094
0.912357
0.912909
0.915831
0.917347
0.91838
0.919815
0.922328
0.923422
0.925619
0.926637
0.928683
0.929861
0.930323
0.932649
0.934005
0.935165
0.936599
0.937716
0.939058
0.940399
0.940955
0.942686
0.944285
0.945158
0.946203
0.947359
0.948938
0.949621
0.950167
0.951289
0.952646
0.953394
0.954613
0.955132
0.956343
0.957214
0.958139
0.959076
0.959529
0.960814
0.961115
0.96233
0.963092
0.963677
0.964472
0.965404
0.9659
0.966501
0.967287
0.968105
0.968827
0.96952
0.970275
0.970822
0.971301
0.972065
0.972567
0.973001
0.973643
0.974064
0.974793
0.975228
0.975723
0.976313
0.976843
0.977419
0.977857
0.978343
0.978767
0.979294
0.979593
0.979986
0.980432
0.980965
0.981423
0.98184
0.982047
0.982555
0.982929
0.983205
0.983582
0.98391
0.984252
0.984694
0.984946
0.985071
0.985504
0.985841
0.986094
0.986524
0.986851
0.98702
0.987267
0.987714
0.987815
0.988016
0.988364
0.98854
0.988796
0.989056
0.989227
0.98946
0.989751
0.990003
0.989438
0.989059
0.989056
0.989703
0.990227
0.990306
0.990365
0.990751
0.990184
0.991327
0.991288
0.991293
0.990858
0.992479
0.991439
0.991204
0.991915
0.992161
0.992531
0.992879
0.992839
0.993362
0.993298
0.993289
0.993568
0.993875
0.994196
0.992721
0.993979
0.994249
0.994464
0.994242
0.994296
0.99434
0.994602
0.994675
0.99494
0.9944
0.995002
0.995131
0.994637
0.995521
0.995855
0.995705
0.996103
0.995533
0.995882
0.995518
0.996171
0.995904
0.996719
0.99597
0.996842
0.996249
0.996573
0.996861
0.99747
0.997174
0.996534
0.996505
0.997162
0.997051
0.996854
0.997298
0.996678
0.997463
0.997272
0.997621
0.997069
0.997601
0.997298
0.997386
0.997695
0.997795
0.998023
0.997916
0.99831
0.998184
0.997689
0.997824
0.997868
0.998047
0.997278
0.997366
0.997703
0.998094
0.997512
0.997676
0.998315
0.998555
0.998012
0.998018
0.997925
0.998227
0.998617
0.99799
0.998026
0.998511
0.998715
0.998465
0.998313
0.998839
0.998716
0.998487
0.998803
0.998303
0.998708
0.998903
0.998814
0.998416
0.998437
0.998326
0.998987
0.998809
0.99782
0.99829
0.998991
0.998706
0.998911
0.998977
0.999003
0.998676
0.997958
0.999477
0.998563
0.999255
0.999026
0.998739
0.999046
0.998508
0.999391
0.999085
0.999441
0.999218
0.999371
0.999027
0.998936
0.999248
0.999144
0.999106
0.999686
0.998639
0.999295
0.998464
0.999252
0.998833
0.998796
0.999025
0.999169
0.99903
0.999107
0.99944
0.999184
0.998974
0.999176
0.999195
0.999289
0.999191
0.999864
0.999213
0.998717
0.999483
0.999462
0.999382
0.999318
0.999698
0.999427
0.99975
0.999294
0.999239
0.998794
0.999368
0.999586
1.000104
0.998633
0.998731
0.999267
0.999192
0.999606
0.999557
0.999805
0.999452
0.999364
0.999644
0.999384
0.999054
0.999149
0.999071
1.000024
0.999382
0.999622
0.998981
0.999874
0.999499
0.999114
0.999293
0.999363
0.999349
0.999431
0.999315
0.999191
0.999205
0.999194
0.999383
0.999969
0.99953
0.999416
0.999555
0.999417
0.999442
0.999145
0.999677
0.999398
0.999492
0.999332
0.999117
0.999268
0.999041
0.999574
0.999703
0.999491
0.999687
0.999211
0.999597
0.999092
0.999601
0.999874
0.999407
0.999726
0.999747
0.999359
0.999986
0.999799
0.998894
0.999861
0.999404
0.999377
0.999157
0.999721
0.99991
0.999768
0.999345
0.999656
0.999604
0.999381
0.999391
0.999603
0.99954
0.999352
0.999721
0.999644
0.999593
0.999731
0.99953
0.999687
1.000053
0.999372
0.999725
0.999406
0.998982
