9.714767
9.447094
9.184268
8.951871
8.696753
8.460515
8.234818
8.015687
7.798901
7.594129
7.40428
7.212638
7.030081
6.842118
6.669926
6.515898
6.341161
6.185256
6.036045
5.883176
5.729648
5.599683
5.460777
5.327698
5.200438
5.08364
4.960483
4.841252
4.735883
4.645635
4.517665
4.421304
4.308313
4.217616
4.131732
4.037093
3.942153
3.857404
3.770251
3.681731
3.611722
3.526673
3.455086
3.387665
3.322033
3.247796
3.178415
3.11096
3.05638
2.993412
2.932309
2.871385
2.820042
2.766117
2.712924
2.664662
2.611905
2.56393
2.517656
2.470418
2.425537
2.380908
2.339476
2.295277
2.261042
2.217407
2.175169
2.132452
2.102216
2.062512
2.024243
1.993637
1.956603
1.919994
1.892543
1.852409
1.825081
1.788509
1.765057
1.736576
1.705608
1.678136
1.651478
1.626883
1.600293
1.571524
1.54949
1.526606
1.499356
1.477185
1.451566
1.428708
1.408829
1.385671
1.364252
1.342979
1.324196
1.3021
1.28413
1.264452
1.244489
1.224257
1.206744
1.190297
1.171354
1.155784
1.137179
1.122396
1.104326
1.08947
1.074553
1.056521
1.042171
1.026543
1.011633
0.99828
0.983947
0.970181
0.95639
0.943973
0.929807
0.91594
0.904624
0.892706
0.878014
0.864169
0.854552
0.841555
0.830428
0.819486
0.808879
0.798316
0.786783
0.775855
0.764749
0.755948
0.743562
0.734689
0.724948
0.714768
0.705675
0.696474
0.687021
0.677801
0.668607
0.659878
0.65117
0.643199
0.634197
0.625235
0.618255
0.609389
0.601002
0.593967
0.585866
0.577964
0.569863
0.563122
0.556414
0.549456
0.542153
0.534216
0.531375
0.520918
0.513965
0.507456
0.500626
0.494096
0.487785
0.481925
0.476375
0.469562
0.46461
0.457677
0.451383
0.445035
0.440895
0.434892
0.429291
0.423431
0.418117
0.412687
0.406936
0.40236
0.396329
0.392845
0.387736
0.382313
0.377402
0.372915
0.368417
0.362553
0.358161
0.354268
0.349364
0.345037
0.341428
0.336394
0.331688
0.327535
0.322991
0.315152
0.316497
0.322144
0.318418
0.298834
0.301239
0.302236
0.301006
0.298595
0.284807
0.282743
0.283408
0.283193
0.266268
0.266275
0.268075
0.269055
0.2566
0.255258
0.250272
0.255466
0.239956
0.244152
0.240587
0.230683
0.232116
0.230027
0.229815
0.218429
0.220738
0.221339
0.212385
0.209511
0.208457
0.212132
0.200695
0.200162
0.204452
0.197311
0.195297
0.194551
0.188356
0.188541
0.189196
0.181703
0.181294
0.17892
0.173596
0.174723
0.169443
0.172244
0.167667
0.162063
0.164894
0.161684
0.15777
0.157569
0.155052
0.154096
0.150467
0.147812
0.151029
0.143431
0.143038
0.138202
0.14006
0.142403
0.132246
0.136809
0.132151
0.139787
0.1295
0.125894
0.126072
0.126502
0.123285
0.122397
0.116448
0.117479
0.11987
0.113982
0.114324
0.114228
0.115464
0.111073
0.106411
0.107169
0.102726
0.105403
0.105731
0.101251
0.10464
0.098218
0.099106
0.098341
0.098161
0.09539
0.100725
0.093396
0.093615
0.08953
0.092112
0.087772
0.088868
0.089342
0.086976
0.088748
0.080651
0.080241
0.082663
0.080186
0.081334
0.076471
0.078561
0.077559
0.075747
0.073068
0.074613
0.071737
0.074599
0.068047
0.073001
0.070529
0.068971
0.067783
0.068964
0.063992
0.063452
0.065583
0.065119
0.064448
0.061841
0.060696
0.058357
0.061212
0.058453
0.060963
0.057927
0.057824
0.054423
0.054235
0.057788
0.055584
0.05389
0.054997
0.050887
0.052084
0.054969
0.049915
0.050304
0.051725
0.049307
0.053924
0.048986
0.050052
0.049173
0.046923
0.047524
0.044779
0.045624
0.046964
0.044539
0.044608
0.040722
0.042429
0.040821
0.038311
0.041487
0.040036
0.03816
0.040845
0.040763
0.038071
0.039096
0.038372
0.037006
0.036894
0.036518
0.036419
0.037566
0.034486
0.034625
0.034086
0.036299
0.032915
0.034588
0.034588
0.033861
0.033277
0.034824
0.033236
0.031173
0.031057
0.028414
0.033343
0.032662
0.030982
0.029998
0.02993
0.031118
0.028427
0.028414
0.028735
0.024643
0.030968
0.025921
0.026952
0.026802
0.02407
0.025753
0.023107
0.024807
0.025948
0.022806
0.024152
0.027184
0.027377
0.025244
0.022977
0.023865
0.02185
0.022417
0.02355
0.019261
0.019903
0.025422
0.023728
0.020887
0.020777
0.019213
0.016474
0.019449
0.017704
0.020231
0.022758
0.021014
0.020573
0.022027
0.019233
0.0181
0.016365
0.018612
0.017
0.016604
0.019056
0.015224
0.015347
0.014302
0.01836
0.018715
0.015586
0.017499
0.014057
0.01474
0.014248
0.013575
0.014179
0.018366
0.013701
0.014029
