1.196606
1.192553
1.188452
1.184683
1.180368
1.176875
1.173027
1.168935
1.165185
1.161514
1.158248
1.154678
1.151288
1.147588
1.144683
1.141403
1.138171
1.1351
1.131998
1.129124
1.126082
1.123452
1.120709
1.117869
1.115351
1.112628
1.109709
1.10776
1.105133
1.102714
1.100391
1.098058
1.095917
1.09366
1.091439
1.089326
1.087364
1.085369
1.083421
1.081534
1.07968
1.077934
1.076148
1.074405
1.07274
1.070979
1.069393
1.067673
1.066136
1.064667
1.06319
1.061764
1.060302
1.059005
1.057558
1.056308
1.055011
1.053846
1.052501
1.051341
1.050202
1.04903
1.047898
1.046854
1.046571
1.045599
1.044601
1.043603
1.042719
1.041732
1.040735
1.039771
1.038918
1.038178
1.037165
1.036402
1.035542
1.034726
1.034018
1.033205
1.032457
1.031767
1.031071
1.03036
1.029773
1.029063
1.028425
1.027795
1.027268
1.0266
1.025972
1.025416
1.024878
1.024314
1.023838
1.023285
1.022768
1.022288
1.021781
1.021337
1.020867
1.02045
1.019987
1.019569
1.019132
1.018719
1.018308
1.017921
1.017526
1.017191
1.016823
1.016403
1.016108
1.015755
1.015422
1.015091
1.014782
1.014472
1.014173
1.013876
1.013563
1.013289
1.013004
1.012733
1.012458
1.012227
1.011963
1.011707
1.011497
1.011242
1.011021
1.010787
1.010549
1.010336
1.010137
1.009916
1.009721
1.009515
1.009334
1.00913
1.008929
1.008771
1.008581
1.008407
1.008247
1.008081
1.007923
1.007749
1.007591
1.00742
1.007275
1.007163
1.006997
1.006874
1.00671
1.006603
1.00647
1.006339
1.006214
1.006089
1.005967
1.005852
1.005703
1.005623
1.005502
1.005411
1.005289
1.005194
1.005085
1.004998
1.004902
1.004802
1.004716
1.004618
1.004529
1.00446
1.004355
1.004284
1.004201
1.004119
1.004035
1.003971
1.003887
1.003825
1.003767
1.003678
1.003624
1.003572
1.003488
1.00343
1.003379
1.003301
1.003243
1.003189
1.003134
1.003085
1.00301
1.002951
1.002887
1.002848
1.002804
1.002666
1.002701
1.002648
1.002706
1.002499
1.002497
1.002396
1.002451
1.002472
1.002279
1.002302
1.002196
1.002154
1.002102
1.00211
1.002166
1.0021
1.002
1.00201
1.001939
1.001967
1.001905
1.001889
1.001792
1.001729
1.001795
1.001693
1.001713
1.001621
1.00159
1.001681
1.001615
1.001563
1.001616
1.001586
1.001465
1.001417
1.001453
1.001358
1.00146
1.00135
1.001365
1.001305
1.001325
1.001257
1.0013
1.001324
1.001204
1.001253
1.001173
1.001146
1.001195
1.001135
1.001093
1.001075
1.001089
1.001019
1.001049
1.001038
1.001074
1.000986
1.001078
1.000975
1.000981
1.000996
1.000952
1.000937
1.000898
1.000929
1.000884
1.00088
1.000913
1.000849
1.000867
1.000839
1.000829
1.000775
1.00082
1.00082
1.000749
1.000753
1.000738
1.00071
1.000788
1.000698
1.000755
1.000757
1.000672
1.000677
1.000657
1.000661
1.000646
1.00065
1.000683
1.000712
1.000698
1.000642
1.000581
1.000618
1.000621
1.000585
1.000615
1.000614
1.000538
1.000599
1.00058
1.000617
1.000554
1.000581
1.000598
1.000586
1.000538
1.000559
1.000543
1.000569
1.000519
1.000548
1.000534
1.000544
1.000507
1.00051
1.000495
1.000545
1.000528
1.000511
1.000499
1.000472
1.000486
1.000497
1.000485
1.000456
1.000486
1.000442
1.000466
1.000465
1.00049
1.00047
1.000464
1.00048
1.00042
1.000426
1.000473
1.000451
1.000452
1.000422
1.000409
1.000433
1.000421
1.000409
1.000444
1.000386
1.000413
1.000393
1.000376
1.000401
1.000462
1.000452
1.000401
1.00037
1.00041
1.000433
1.000421
1.000347
1.000414
1.000389
1.000408
1.000405
1.000364
1.000306
1.000366
1.000379
1.000375
1.000336
1.000292
1.000377
1.000348
1.000305
1.000447
1.000332
1.000389
1.000362
1.000356
1.000357
1.000331
1.000325
1.000364
1.000397
1.000328
1.000353
1.000375
1.000347
1.000316
1.000314
1.000322
1.000359
1.000345
1.000371
1.000381
1.00035
1.000391
1.00039
1.00036
1.000353
1.00039
1.000367
1.000369
1.000382
1.000369
1.000397
1.00035
1.000351
1.000367
1.000356
1.000306
1.00036
1.000324
1.00042
1.000354
1.000354
1.000426
1.000385
1.00039
1.00036
1.000365
1.000371
1.000482
1.000348
1.000307
1.000286
1.000343
1.000353
1.000277
1.000359
1.000362
1.000352
1.000372
1.000366
1.000347
1.000378
1.000291
1.000388
1.00039
1.000391
1.000378
1.000298
1.000408
1.00033
1.000363
1.000402
1.000373
1.000333
1.000356
1.000293
1.000348
1.000335
1.000321
1.000385
1.000328
1.000294
1.000282
