17.719879
17.38019
17.077721
16.71092
16.396879
16.062571
15.6624
15.39704
15.01968
14.76224
14.4891
14.14486
13.87486
13.56626
13.25927
12.97185
12.68083
12.36584
12.16851
11.85168
11.57628
11.33534
11.02967
10.7888
10.5344
10.31251
10.19675
9.815207
9.587543
9.344888
9.126796
8.906663
8.666724
8.469243
8.247713
8.047779
7.84829
7.640147
7.444107
7.263155
7.057778
6.896763
6.670448
6.497393
6.325192
6.15374
6.012286
5.833189
5.672936
5.509121
5.35036
5.189933
5.043142
4.888844
4.731214
4.610077
4.464837
4.316318
4.183276
4.057849
3.907858
3.794553
3.680953
3.554772
3.44109
3.311412
3.189644
3.068293
2.971979
2.868826
2.767907
2.661984
2.598423
2.48752
2.361565
2.266844
2.181125
2.090086
2.001904
1.92223
1.843045
1.755878
1.672979
1.597407
1.520373
1.441798
1.377383
1.313171
1.230449
1.159903
1.10423
1.03823
0.976444
0.911919
0.852913
0.806119
0.749531
0.698636
0.646757
0.596798
0.550146
0.499703
0.461366
0.414388
0.373092
0.330561
0.295447
0.257186
0.223846
0.189087
0.154
0.121017
0.092167
0.062284
0.035012
0.007165
-0.021297
-0.047992
-0.074381
-0.098273
-0.124357
-0.151494
-0.177599
-0.196054
-0.218607
-0.242246
-0.26579
-0.287627
-0.307673
-0.325786
-0.345548
-0.36202
-0.379847
-0.397135
-0.409927
-0.427338
-0.435752
-0.449993
-0.461195
-0.471925
-0.481132
-0.487799
-0.493577
-0.500578
-0.505079
-0.511882
-0.519612
-0.518043
-0.52169
-0.522316
-0.532454
-0.524914
-0.529285
-0.526191
-0.524418
-0.520575
-0.51585
-0.514942
-0.509874
-0.50417
-0.503248
-0.49191
-0.494205
-0.483591
-0.474036
-0.468005
-0.4628
-0.455601
-0.443416
-0.433321
-0.431135
-0.415308
-0.40322
-0.39271
-0.383488
-0.368031
-0.359036
-0.34558
-0.336885
-0.321784
-0.316743
-0.32595
-0.297523
-0.264861
-0.277786
-0.24198
-0.221331
-0.224604
-0.199496
-0.183049
-0.168364
-0.146951
-0.138605
-0.114146
-0.106462
-0.088068
-0.063582
-0.057904
-0.069149
-0.035594
