1.59437
1.669313
1.583013
1.579523
1.572793
1.567103
1.561819
1.558149
1.547959
1.544158
1.538348
1.53227
1.527513
1.520214
1.51431
1.508367
1.503529
1.497834
1.492518
1.485707
1.480634
1.474422
1.468926
1.46326
1.457376
1.451733
1.442587
1.440996
1.435297
1.429254
1.424272
1.418896
1.413578
1.408438
1.402822
1.397539
1.392498
1.387559
1.382524
1.37678
1.372688
1.367221
1.362047
1.357434
1.352504
1.348453
1.343157
1.338558
1.334045
1.329463
1.323902
1.320173
1.314961
1.310412
1.306201
1.301637
1.297278
1.292923
1.288663
1.28453
1.280169
1.275795
1.271746
1.267485
1.263264
1.25921
1.254903
1.250914
1.247048
1.243272
1.239812
1.235178
1.231356
1.228024
1.223488
1.220062
1.216322
1.212567
1.208905
1.205312
1.201615
1.19828
1.194618
1.191079
1.187488
1.18398
1.180696
1.177056
1.173921
1.170811
1.167421
1.164247
1.160684
1.157738
1.15459
1.151425
1.148449
1.145363
1.142317
1.139291
1.136447
1.13348
1.130494
1.127639
1.124858
1.122095
1.119352
1.116606
1.113947
1.111353
1.108722
1.106254
1.103681
1.101213
1.098785
1.096396
1.094077
1.091783
1.089535
1.087271
1.085163
1.08303
1.08088
1.078924
1.076908
1.074933
1.072982
1.071073
1.06918
1.067355
1.065489
1.063704
1.061947
1.060184
1.058484
1.056783
1.055145
1.053389
1.051838
1.050253
1.048668
1.047095
1.045586
1.044081
1.042628
1.041093
1.039711
1.038254
1.036904
1.035539
1.034234
1.032914
1.031562
1.030357
1.029137
1.027871
1.026724
1.025535
1.024382
1.023288
1.022199
1.021169
1.020168
1.019105
1.01816
1.017141
1.016251
1.015377
1.014415
1.013675
1.01286
1.011999
1.011261
1.010437
1.009725
1.009178
1.008392
1.007825
1.007211
1.006645
1.005909
1.005796
1.004944
1.004255
1.004353
1.003545
1.003276
1.003107
1.002656
1.00241
1.00208
1.001605
1.001482
1.001065
1.000836
1.000815
1.000824
1.000671
1.000811
1.000604
