                      0.128000                      0.016266                     -0.014248                      0.021624                  10000.000000                     41.215340                      0.000000
                      0.272000                      0.016213                     -0.012704                      0.020597                   8888.900391                     38.081791                      0.000000
                      0.436571                      0.016156                     -0.011146                      0.019628                   7777.799805                     34.601715                      0.000000
                      0.628570                      0.016108                     -0.009584                      0.018743                   6666.700195                     30.753054                      0.000000
                       Time(s)                      Zre(Ohm)                      Zim(Ohm)                        Z(Ohm)                      Freq(Hz)                    Phase(deg)                       EDC(mV)
                      0.128000                      0.016254                     -0.014247                      0.021614                  10000.000000                     41.235546                      0.000000
                      0.272000                      0.016208                     -0.012711                      0.020598                   8888.900391                     38.103985                      0.000000
                      0.436571                      0.016153                     -0.011142                      0.019622                   7777.799805                     34.597012                      0.000000
                      0.628570                      0.016101                     -0.009576                      0.018734                   6666.700195                     30.743317                      0.000000
                       Time(s)                      Zre(Ohm)                      Zim(Ohm)                        Z(Ohm)                      Freq(Hz)                    Phase(deg)                       EDC(mV)
                      0.128000                      0.016260                     -0.014239                      0.021613                  10000.000000                     41.207367                      0.000000
                      0.272000                      0.016204                     -0.012699                      0.020587                   8888.900391                     38.086159                      0.000000
                      0.436571                      0.016154                     -0.011141                      0.019623                   7777.799805                     34.594612                      0.000000
                      0.628570                      0.016106                     -0.009579                      0.018739                   6666.700195                     30.743383                      0.000000
