16.26137
15.91703
15.6536
15.31322
14.99783
14.71036
14.3742
14.05183
13.82037
13.51653
13.26655
12.92339
12.67364
12.41857
12.11469
11.89352
11.62043
11.37454
11.10804
10.8493
10.6211
10.38072
10.13228
9.917634
9.678186
9.472434
9.245601
9.030193
8.824399
8.617134
8.393749
8.205632
8.01285
7.801073
7.600935
7.437673
7.232337
7.058836
6.894499
6.680842
6.531569
6.359726
6.195064
6.038543
5.879242
5.714314
5.582614
5.396669
5.269723
5.124373
4.981025
4.815108
4.682313
4.538715
4.437301
4.295929
4.159763
4.051218
3.9096
3.79596
3.687118
3.552444
3.445024
3.332299
3.201733
3.111233
3.004013
2.894397
2.796375
2.699831
2.60222
2.507704
2.413495
2.320244
2.230398
2.148983
2.055668
1.970831
1.892691
1.810581
1.733953
1.663996
1.578704
1.512436
1.435665
1.367219
1.304155
1.236797
1.17194
1.111627
1.050189
0.989312
0.935435
0.876327
0.819076
0.766926
0.717347
0.666101
0.61643
0.569614
0.524579
0.480494
0.438491
0.396308
0.356039
0.318236
0.28236
0.247777
0.211975
0.17764
0.144541
0.115198
0.082932
0.053877
0.024411
-0.001749
-0.029568
-0.05777
-0.082905
-0.108279
-0.133568
-0.157706
-0.179224
-0.204611
-0.227104
-0.24646
-0.27066
-0.288739
-0.306717
-0.325136
-0.343108
-0.359254
-0.373447
-0.39168
-0.40473
-0.415603
-0.427092
-0.439297
-0.448709
-0.458763
-0.467321
-0.473708
-0.480074
-0.487962
-0.493276
-0.496008
-0.499861
-0.503781
-0.504505
-0.50904
-0.506944
-0.50822
-0.508262
-0.508863
-0.51486
-0.503781
-0.500298
-0.496883
-0.49301
-0.489465
-0.481842
-0.478769
-0.469763
-0.465167
-0.459235
-0.453716
-0.440421
-0.436975
-0.42925
-0.420139
-0.409134
-0.399375
-0.390741
-0.378556
-0.369732
-0.356263
-0.344119
-0.334225
-0.31953
-0.30727
-0.30298
-0.304763
-0.279546
-0.259616
-0.252936
-0.234904
-0.228019
-0.211299
-0.195267
-0.184436
-0.167906
-0.14439
-0.134524
-0.113449
-0.099072
-0.083858
-0.063514
-0.051677
-0.093656
-0.046418
