1.576702
1.649822
1.56653
1.559169
1.553961
1.548368
1.542694
1.53758
1.530731
1.524972
1.519409
1.514387
1.508199
1.502633
1.496799
1.493118
1.486116
1.480749
1.475073
1.469587
1.463727
1.458462
1.453125
1.447255
1.442379
1.436704
1.431342
1.426375
1.421018
1.415837
1.410817
1.405809
1.400539
1.39554
1.390316
1.385724
1.380976
1.376227
1.371148
1.366223
1.361529
1.356965
1.351465
1.34751
1.342753
1.338548
1.333495
1.328842
1.325101
1.32047
1.315509
1.31125
1.306918
1.302304
1.298248
1.294048
1.289485
1.285278
1.281297
1.277235
1.273172
1.269004
1.264888
1.260964
1.25718
1.253
1.248894
1.245117
1.241508
1.23757
1.23352
1.229693
1.226218
1.222473
1.218738
1.215015
1.21136
1.207878
1.204286
1.200676
1.197302
1.193895
1.190409
1.186993
1.18366
1.180324
1.177016
1.173659
1.170403
1.167204
1.163932
1.160821
1.157631
1.15465
1.151553
1.148438
1.145466
1.142565
1.139564
1.136636
1.133774
1.130918
1.128144
1.12536
1.122586
1.11985
1.117242
1.114594
1.111986
1.109455
1.106891
1.104406
1.101989
1.099594
1.097243
1.094918
1.092667
1.090379
1.088208
1.086063
1.083955
1.081879
1.079789
1.07783
1.075843
1.073941
1.071981
1.070098
1.068273
1.066433
1.064653
1.062868
1.061093
1.059434
1.057725
1.056006
1.054369
1.052759
1.051144
1.049536
1.047959
1.046476
1.044929
1.043423
1.041965
1.040536
1.039127
1.037705
1.036365
1.03497
1.033691
1.032399
1.031098
1.029864
1.028559
1.027449
1.026289
1.025132
1.024024
1.022947
1.021932
1.020858
1.019787
1.018833
1.017859
1.016912
1.015953
1.01514
1.014245
1.013431
1.01265
1.011856
1.01109
1.010378
1.009691
1.008996
1.00837
1.007757
1.007083
1.006548
1.005908
1.005897
1.004988
1.004667
1.004075
1.003517
1.003441
1.002979
1.00257
1.002351
1.00186
1.001791
1.001506
1.001242
1.001112
1.000911
1.000818
1.000737
1.000762
1.000579
