16.43195
16.044189
15.76215
15.52401
15.165
14.85394
14.56159
14.21106
13.9607
13.67826
13.38201
13.11446
12.85108
12.57808
12.29088
12.02182
11.74327
11.51292
11.25226
10.97605
10.75344
10.49643
10.26001
10.02032
9.794544
9.598997
9.359589
9.141311
8.942042
8.711388
8.515211
8.299636
8.112748
7.891696
7.72482
7.507088
7.368395
7.159964
6.982844
6.784263
6.640064
6.484149
6.273937
6.117375
5.996469
5.802772
5.668357
5.522378
5.376353
5.242375
5.09095
4.955705
4.822721
4.703815
4.544726
4.425084
4.285343
4.167529
4.060138
3.942768
3.801116
3.707461
3.590726
3.490987
3.380582
3.271934
3.141532
3.06545
2.965772
2.840951
2.761172
2.669648
2.562278
2.476756
2.39252
2.308645
2.225067
2.141011
2.065244
1.983173
1.904415
1.826912
1.761977
1.68162
1.61422
1.547209
1.479733
1.415208
1.360628
1.289649
1.226251
1.174236
1.11649
1.060687
1.005021
0.954068
0.903432
0.852257
0.801728
0.755863
0.714803
0.6672
0.624443
0.584978
0.542686
0.507606
0.470272
0.435291
0.401386
0.367382
0.333911
0.304872
0.273617
0.245183
0.215506
0.18727
0.160824
0.132506
0.106128
0.07699
0.053755
0.026235
0.004221
-0.016386
-0.044219
-0.066649
-0.089786
-0.111434
-0.132519
-0.151999
-0.169621
-0.191542
-0.208512
-0.223549
-0.23975
-0.25521
-0.266158
-0.281124
-0.292424
-0.3013
-0.313301
-0.324158
-0.332009
-0.340946
-0.344624
-0.354224
-0.359227
-0.365193
-0.368663
-0.371535
-0.374895
-0.377908
-0.380783
-0.3801
-0.383324
-0.38163
-0.381261
-0.383583
-0.373704
-0.374431
-0.373733
-0.369657
-0.367717
-0.362745
-0.355621
-0.353947
-0.342288
-0.344822
-0.333095
-0.327644
-0.324835
-0.313109
-0.309336
-0.304845
-0.295016
-0.284928
-0.273699
-0.263949
-0.256323
-0.246792
-0.243998
-0.240518
-0.211053
-0.200763
-0.215124
-0.192611
-0.179566
-0.179255
-0.134801
-0.149267
-0.130105
-0.115376
-0.115147
-0.094134
-0.081996
-0.067581
-0.059122
-0.040394
-0.089708
-0.045025
