1.546268
1.619441
1.537833
1.530912
1.5266
1.520542
1.515224
1.508762
1.504841
1.499585
1.494573
1.489149
1.483719
1.478716
1.473987
1.467244
1.46235
1.45719
1.45197
1.447141
1.441864
1.436052
1.431395
1.425541
1.421008
1.415438
1.411015
1.405843
1.400997
1.395546
1.391206
1.386489
1.381332
1.376362
1.3714
1.366996
1.362375
1.357594
1.353231
1.349468
1.344228
1.339674
1.335283
1.330868
1.32669
1.322011
1.317959
1.313228
1.308833
1.304335
1.300095
1.296287
1.292437
1.288086
1.284219
1.279981
1.275864
1.271856
1.267831
1.263803
1.259978
1.256039
1.252046
1.248305
1.244385
1.240755
1.236763
1.233022
1.229391
1.225873
1.222438
1.218661
1.214085
1.211671
1.20804
1.20464
1.201163
1.1977
1.194271
1.190861
1.187636
1.184384
1.181105
1.177784
1.174696
1.171445
1.1682
1.165162
1.162125
1.158997
1.155843
1.15292
1.149976
1.147108
1.143991
1.141163
1.138272
1.135505
1.132625
1.129939
1.127116
1.124382
1.121658
1.119088
1.116496
1.113905
1.111312
1.108741
1.106295
1.103839
1.101339
1.099074
1.096767
1.094417
1.092187
1.090035
1.087775
1.085674
1.083563
1.081469
1.079477
1.077475
1.075588
1.073714
1.071801
1.069951
1.068173
1.066366
1.064607
1.062826
1.061127
1.059548
1.057793
1.056121
1.054509
1.052923
1.051357
1.049838
1.048279
1.046775
1.045316
1.04381
1.04239
1.040922
1.03958
1.038199
1.036843
1.035468
1.034188
1.032891
1.031657
1.030386
1.029229
1.027989
1.02687
1.025715
1.024564
1.02352
1.022414
1.021341
1.020364
1.019404
1.018395
1.017461
1.016572
1.015621
1.014742
1.013912
1.013171
1.012299
1.011536
1.010791
1.01011
1.00899
1.008709
1.008114
1.007499
1.006859
1.006359
1.005774
1.00521
1.005228
1.004485
1.003911
1.003334
1.00296
1.00273
1.002536
1.002018
1.001724
1.00147
1.001265
1.00112
1.000818
1.000683
1.000436
1.000472
1.000292
1.000324
1.00015
