Time(s)                       E(mV)                         I(mA)                         Q(mC)                         Capacity(mAh)                 Energy(Wh)                    P(W)
0.1                           70.85763                      0.1306906                     0.01306906                    3.630294E-06                  2.57234E-10                   9.260423E-06
0.2                           71.19315                      0.04900897                    0.02205404                    6.126121E-06                  4.343108E-10                  3.489103E-06
0.3                           71.27703                      0.1143543                     0.0302222                     8.395054E-06                  5.959765E-10                  8.150831E-06
0.4                           71.02538                      0.06534529                    0.03920718                    1.089088E-05                  7.736432E-10                  4.641174E-06
0.5                           71.44479                      0.09801793                    0.04737534                    1.315982E-05                  9.35366E-10                   7.002871E-06
0.6                           71.02538                      0.06534529                    0.0555435                     1.542875E-05                  1.097089E-09                  4.641174E-06
0.7                           71.27703                      0.04900897                    0.06126121                    1.7017E-05                    1.210066E-09                  3.493214E-06
0.8                           71.36091                      0.01633632                    0.06452847                    1.792458E-05                  1.274775E-09                  1.165775E-06
0.9                           70.77374                      0.09801793                    0.07024618                    1.951283E-05                  1.387315E-09                  6.937095E-06
1                             71.44479                      0.09801793                    0.08004797                    2.223555E-05                  1.580925E-09                  7.002871E-06
1.1                           70.68986                      0.01633632                    0.08576569                    2.38238E-05                   1.694226E-09                  1.154812E-06
1.2                           71.02538                      0.04900897                    0.08903296                    2.473138E-05                  1.758611E-09                  3.48088E-06
1.3                           70.94151                      0.03267264                    0.09311704                    2.586584E-05                  1.839149E-09                  2.317847E-06
1.4                           70.60598                      0.1470269                     0.102102                      2.836167E-05                  2.015522E-09                  1.038098E-05
1.5                           70.5221                       0.08168161                    0.1135374                     3.153818E-05                  2.239706E-09                  5.760359E-06
1.6                           70.60598                      0.1306906                     0.124156                      3.448779E-05                  2.447872E-09                  9.227537E-06
1.7                           71.02538                      0.03267264                    0.1323242                     3.675672E-05                  2.608262E-09                  2.320587E-06
1.8                           70.60598                      0                             0.1339578                     3.721051E-05                  2.640493E-09                  0
1.9                           70.94151                      0.01633632                    0.1347747                     3.74374E-05                   2.656589E-09                  1.158923E-06
2                             70.77374                      0.08168161                    0.1396756                     3.879877E-05                  2.752976E-09                  5.780913E-06
2.1                           70.68986                      0.01633632                    0.1445765                     4.016013E-05                  2.849305E-09                  1.154812E-06
2.2                           70.35434                      0.1306906                     0.1519278                     4.220217E-05                  2.993048E-09                  9.194649E-06
2.3                           69.93493                      0.03267264                    0.160096                      4.44711E-05                   3.152486E-09                  2.284959E-06
2.4                           70.68986                      0.1633632                     0.1698978                     4.719382E-05                  3.344613E-09                  1.154812E-05
2.5                           70.35434                      0.04900897                    0.1805164                     5.014343E-05                  3.552892E-09                  3.447993E-06
2.6                           70.01881                      0.1470269                     0.1903182                     5.286615E-05                  3.743762E-09                  1.029465E-05
2.7                           70.18658                      0.06534529                    0.2009368                     5.581577E-05                  3.950443E-09                  4.586362E-06
2.8                           70.27045                      0.01633632                    0.2050208                     5.695023E-05                  4.030086E-09                  1.147961E-06
2.9                           70.01881                      0.08168161                    0.2099217                     5.83116E-05                   4.125464E-09                  5.719249E-06
3                             69.85105                      0.04900897                    0.2164563                     6.012674E-05                  4.252445E-09                  3.423328E-06
3.1                           70.68986                      0.06534529                    0.222174                      6.1715E-05                    4.364147E-09                  4.619249E-06
3.2                           69.68329                      0.08168161                    0.2295253                     6.375703E-05                  4.507356E-09                  5.691843E-06
3.3                           69.68329                      0.1143543                     0.2393271                     6.647976E-05                  4.697084E-09                  7.968581E-06
3.4                           69.34776                      0.01633632                    0.2458616                     6.82949E-05                   4.823494E-09                  1.132887E-06
3.5                           69.93493                      0.06534529                    0.2499457                     6.942937E-05                  4.9027E-09                    4.569918E-06
3.6                           69.34776                      0.06534529                    0.2564802                     7.124451E-05                  5.029109E-09                  4.531549E-06
3.7                           69.09612                      0.06534529                    0.2630148                     7.305967E-05                  5.154757E-09                  4.515106E-06
3.8                           69.76717                      0.06534529                    0.2695493                     7.487481E-05                  5.280786E-09                  4.558956E-06
3.9                           69.76717                      0.08168161                    0.2769006                     7.691685E-05                  5.423253E-09                  5.698694E-06
4                             69.59941                      0.06534529                    0.284252                      7.89589E-05                   5.565568E-09                  4.547994E-06
4.1                           69.01224                      0.08168161                    0.2916034                     8.100093E-05                  5.707026E-09                  5.63703E-06
4.2                           69.85105                      0.08168161                    0.2997715                     8.326986E-05                  5.864562E-09                  5.705547E-06
4.3                           70.01881                      0.1143543                     0.3095733                     8.599258E-05                  6.055013E-09                  8.006949E-06
4.4                           69.18                         0.06534529                    0.3185583                     8.848841E-05                  6.229007E-09                  4.520587E-06
4.5                           69.93493                      0.03267264                    0.3234592                     8.984977E-05                  6.323529E-09                  2.284959E-06
4.6                           69.76717                      0.06534529                    0.3283601                     9.121114E-05                  6.418583E-09                  4.558956E-06
4.7                           69.93493                      0.09801793                    0.3365282                     9.348007E-05                  6.577109E-09                  6.854877E-06
4.8                           69.85105                      0.04900897                    0.3438796                     9.55221E-05                   6.719861E-09                  3.423328E-06
4.9                           69.76717                      0.08168161                    0.3504141                     9.733725E-05                  6.846556E-09                  5.698694E-06
5                             70.35434                      0.06534529                    0.3577655                     9.937929E-05                  6.989556E-09                  4.597324E-06
5.1                           69.85105                      0.03267264                    0.3626663                     0.0001007406                  7.085106E-09                  2.282218E-06
5.2                           69.59941                      0.06534529                    0.3675672                     0.000102102                   7.17997E-09                   4.547994E-06
5.3                           69.68329                      0.06534529                    0.3741018                     0.0001039172                  7.306379E-09                  4.553474E-06
5.4                           69.76717                      0.08168161                    0.3814531                     0.0001059592                  7.44877E-09                   5.698694E-06
5.5                           69.34776                      0.09801793                    0.3904381                     0.000108455                   7.622326E-09                  6.797324E-06
5.6                           69.09612                      0.04900897                    0.3977894                     0.0001104971                  7.763766E-09                  3.386329E-06
5.7                           69.68329                      0.06534529                    0.4035071                     0.0001120853                  7.87404E-09                   4.553474E-06
5.8                           69.34776                      0.1143543                     0.4124921                     0.0001145811                  8.047425E-09                  7.930212E-06
5.9                           69.59941                      0.04900897                    0.4206603                     0.0001168501                  8.204942E-09                  3.410995E-06
6                             69.26389                      0.09801793                    0.4280116                     0.0001188921                  8.34661E-09                   6.789103E-06
6.1                           69.59941                      0.08168161                    0.4369966                     0.0001213879                  8.519861E-09                  5.684992E-06
6.2                           69.76717                      0.06534529                    0.4443479                     0.00012343                    8.662139E-09                  4.558956E-06
6.3                           69.43164                      0.06534529                    0.4508825                     0.0001252451                  8.788471E-09                  4.537031E-06
6.4                           69.18                         0.06534529                    0.457417                      0.0001270603                  8.914272E-09                  4.520587E-06
6.5                           69.68329                      0.03267264                    0.4623179                     0.0001284216                  9.008679E-09                  2.276737E-06
6.6                           69.26389                      0.09801793                    0.4688524                     0.0001302368                  9.134594E-09                  6.789103E-06
6.7                           69.26389                      0.08168161                    0.4778374                     0.0001327326                  9.307465E-09                  5.657586E-06
6.8                           69.01224                      0.1306906                     0.488456                      0.0001356822                  9.51131E-09                   9.019249E-06
6.9                           69.85105                      0.1143543                     0.5007083                     0.0001390856                  9.747517E-09                  7.987765E-06
7                             69.59941                      0.06534529                    0.5096932                     0.0001415814                  9.921626E-09                  4.547994E-06
7.1                           69.51553                      0.08168161                    0.5170445                     0.0001436235                  1.006365E-08                  5.67814E-06
7.2                           69.43164                      0.06534529                    0.5243959                     0.0001456655                  1.020553E-08                  4.537031E-06
7.3                           70.18658                      0.06534529                    0.5309305                     0.0001474807                  1.033225E-08                  4.586362E-06
7.4                           69.01224                      0.1143543                     0.5399154                     0.0001499765                  1.050556E-08                  7.891843E-06
7.5                           69.26389                      0.1306906                     0.5521677                     0.0001533799                  1.074089E-08                  9.052137E-06
7.6                           69.93493                      0.1306906                     0.5652367                     0.0001570102                  1.099355E-08                  9.139837E-06
7.7                           69.68329                      0.01633632                    0.5725881                     0.0001590522                  1.113631E-08                  1.138369E-06
7.8                           69.34776                      0.08168161                    0.577489                      0.0001604136                  1.123079E-08                  5.664437E-06
