7.199156
7.682897
7.052519
8.004285
6.975064
8.291911
7.48336
7.220671
7.31501
7.24293
6.074616
7.788466
7.202844
7.13091
7.383502
6.31852
6.944641
6.934869
6.634914
6.698879
6.519368
6.179436
6.536361
6.218908
6.413889
5.866744
5.273186
6.220564
6.264793
5.406935
5.528069
5.788442
5.268758
5.422465
5.096441
5.077747
5.409762
4.997185
5.138809
4.922039
4.562963
4.306817
4.850445
4.197108
4.486261
4.217457
4.12676
3.709462
3.732186
4.155023
4.110688
3.462537
3.681848
3.516195
3.742261
3.369628
3.313209
3.232052
3.361283
3.052646
2.833808
2.950269
2.940632
2.636485
2.6188
2.520514
2.437312
2.193119
2.013635
2.113035
2.261691
1.770843
1.895077
1.689502
1.730456
1.597731
1.646581
1.493663
1.366817
1.195106
1.168509
1.047457
0.849143
0.814541
0.993157
0.522994
0.73794
0.623965
0.554626
0.414628
0.338245
0.360887
0.462158
0.199237
0.031897
-0.051677
0.046944
0.090596
-0.137123
-0.360661
