1.180192
1.173466
1.185919
1.19079
1.203408
1.189577
1.174707
1.191899
1.175197
1.18528
1.180027
1.179273
1.171826
1.175908
1.186652
1.176833
1.193869
1.190643
1.186435
1.188338
1.207806
1.196336
1.188853
1.183588
1.186906
1.193499
1.192038
1.188987
1.189089
1.194011
1.195044
1.193076
1.198217
1.186337
1.204085
1.193328
1.209022
1.197213
1.195
1.19638
1.213079
1.205785
1.200736
1.206821
1.209295
1.205226
1.207174
1.209564
1.200886
1.195177
1.203227
1.20389
1.206506
1.212753
1.2082
1.205963
1.20549
1.204797
1.210729
1.211856
1.208176
1.206436
1.196786
1.206441
1.207104
1.20394
1.209641
1.205838
1.211336
1.205251
1.20929
1.210651
1.204871
1.207446
1.207235
1.208182
1.213751
1.210452
1.210961
1.206313
1.212419
1.209518
1.20962
1.207916
1.209598
1.200722
1.201812
1.206137
1.203354
1.204666
1.207123
1.200269
1.208868
1.205807
1.202005
1.202351
1.201217
1.19631
1.198076
1.197314
