30.304581
29.92038
30.24678
29.62015
29.562111
29.273729
29.15975
29.04866
28.673849
28.63946
28.485741
28.377319
28.167061
27.94829
27.63406
27.69104
27.342661
26.89739
26.961769
26.75971
26.5968
26.446039
26.308319
26.04023
25.97917
25.644199
25.68441
25.506849
25.33646
25.313379
24.99523
24.847469
24.654381
24.50635
24.38695
24.14143
24.01226
23.78787
23.64868
23.563749
23.29096
23.112881
22.974609
22.751699
22.64089
22.48044
22.504601
22.243971
22.090651
21.779921
21.659719
21.603571
21.37183
21.228399
20.967159
21.01985
20.61758
20.565491
20.438761
20.158119
20.22538
19.92218
19.76589
19.658609
19.456301
19.370541
19.177401
19.02026
18.873249
18.71524
18.5851
18.432871
18.083071
18.089849
17.848209
17.74346
17.588539
17.40749
17.31637
17.194151
17.011629
16.815411
16.731911
16.5478
16.42288
16.184521
16.087971
15.91401
15.7654
15.65729
15.50169
15.3531
15.18865
15.0866
14.88723
14.73677
14.61816
14.43927
14.32606
14.18526
13.9818
13.86402
13.71451
13.57881
13.4614
13.28926
13.17573
13.00857
12.8658
12.72094
12.5349
12.44099
12.32501
12.14173
11.98906
11.87613
11.68746
11.54744
11.40271
11.27365
11.13186
10.97687
10.86035
10.70937
10.56194
10.43574
10.27979
10.11037
9.986761
9.834055
9.706149
9.565284
9.408563
9.270998
9.105667
8.985209
8.842537
8.72121
8.567796
8.425516
8.26788
8.127536
7.97456
7.83424
7.702175
7.549217
7.411602
7.264616
7.128668
6.982924
6.850379
6.717686
6.587786
6.421443
6.289211
6.145094
6.011335
5.869331
5.733425
5.595796
5.453773
5.302337
5.175426
5.046847
4.893038
4.764487
4.630923
4.525779
4.346924
4.211734
4.076967
3.935651
3.806324
3.674273
3.531221
3.391715
3.262836
3.122872
2.970108
2.844774
2.707234
2.702931
2.413283
2.297239
2.179868
1.954619
1.937936
1.771027
1.662663
1.508816
1.329626
1.247111
1.070619
0.923677
0.81256
0.663252
0.493153
0.415631
0.176943
0.095828
