1.084776
1.134862
1.075288
1.07791
1.082457
1.075598
1.075564
1.078229
1.077573
1.074532
1.071115
1.069606
1.074447
1.075562
1.070675
1.070326
1.071574
1.074319
1.070279
1.064554
1.070996
1.069786
1.069127
1.067594
1.066849
1.067465
1.06554
1.065804
1.063858
1.06309
1.064247
1.062256
1.061047
1.062262
1.059769
1.062107
1.058088
1.057585
1.058094
1.058481
1.057234
1.057044
1.054887
1.055331
1.054678
1.052875
1.055034
1.053845
1.05181
1.05187
1.052834
1.050615
1.051031
1.04915
1.04932
1.050254
1.047905
1.044886
1.0452
1.046044
1.044569
1.044451
1.045145
1.043997
1.042125
1.041447
1.040213
1.039712
1.03981
1.0395
1.039945
1.038001
1.037023
1.036263
1.034765
1.036692
1.033327
1.035371
1.033045
1.032758
1.032601
1.032
1.031424
1.031971
1.030287
1.028856
1.029429
1.030625
1.029018
1.028178
1.027653
1.02661
1.026957
1.026076
1.025419
1.024603
1.024624
1.023521
1.02372
1.022122
1.022472
1.021849
1.020639
1.020204
1.020415
1.019527
1.019219
1.018911
1.018295
1.017803
1.017322
1.017735
1.016786
1.015746
1.015905
1.015554
1.015165
1.014748
1.014008
1.01406
1.013525
1.013159
1.013102
1.011858
1.012121
1.011367
1.010787
1.010922
1.010479
1.010413
1.010225
1.009089
1.009021
1.0088
1.00842
1.0084
1.00805
1.007961
1.007419
1.00701
1.006755
1.006688
1.006389
1.006177
1.005917
1.00558
1.005506
1.005231
1.005062
1.004641
1.004107
1.004105
1.003724
1.003723
1.003682
1.003355
1.003094
1.00283
1.002841
1.00264
1.002397
1.002025
1.001785
1.001914
1.001555
1.001307
1.001365
1.001215
1.001038
1.000764
1.000666
1.000448
1.0003
1.000223
0.999805
0.999822
0.999646
0.999407
0.999408
0.999349
0.99832
0.998868
0.999594
0.99945
0.999865
0.999781
0.998623
0.997055
0.999121
0.997501
0.997965
0.998789
0.998111
0.998368
0.998155
0.998127
0.998653
0.997957
0.998486
0.998236
