Time(s)                       E(mV)                         I(mA)                         Q(mC)                         Capacity(mAh)                 Energy(Wh)                    P(W)
0.1                           1054.532                      1.003892                      0.1003892                     2.788588E-05                  2.940656E-08                  0.001058636
0.2                           1082.8                        1.00364                       0.2007658                     5.576827E-05                  5.920347E-08                  0.001086741
0.3                           1094.376                      1.003892                      0.3011424                     8.365066E-05                  8.955593E-08                  0.001098635
0.4                           1099.241                      1.003892                      0.4015315                     0.0001115365                  1.201414E-07                  0.001103519
0.5                           1102.009                      1.00364                       0.5019081                     0.0001394189                  1.508294E-07                  0.00110602
0.6                           1102.512                      1.003808                      0.6022805                     0.0001673001                  1.815618E-07                  0.00110671
0.7                           1103.351                      1.00322                       0.702632                      0.0001951755                  2.123064E-07                  0.001106904
0.8                           1103.687                      1.00364                       0.8029749                     0.0002230486                  2.430649E-07                  0.001107704
0.9                           1103.351                      1.003808                      0.9033473                     0.0002509298                  2.738323E-07                  0.001107553
1                             1103.603                      1.003388                      1.003707                      0.0002788075                  3.045948E-07                  0.001107342
1.1                           1103.687                      1.003724                      1.104063                      0.0003066841                  3.353606E-07                  0.001107797
1.2                           1103.938                      1.003388                      1.204418                      0.0003345607                  3.661311E-07                  0.001107679
1.3                           1103.854                      1.003136                      1.304744                      0.000362429                   3.968949E-07                  0.001107316
1.4                           1103.519                      1.003724                      1.405088                      0.0003903021                  4.27658E-07                   0.001107628
1.5                           1104.106                      1.003724                      1.50546                       0.0004181833                  4.584337E-07                  0.001108218
1.6                           1103.854                      1.003472                      1.60582                       0.000446061                   4.892101E-07                  0.001107687
1.7                           1103.687                      1.003556                      1.706171                      0.0004739365                  5.199781E-07                  0.001107611
1.8                           1104.106                      1.003304                      1.806514                      0.0005018095                  5.507471E-07                  0.001107754
1.9                           1104.358                      1.003388                      1.906849                      0.0005296802                  5.815228E-07                  0.001108099
2                             1104.022                      1.003892                      2.007213                      0.0005575591                  6.123065E-07                  0.001108319
2.1                           1104.19                       1.003388                      2.107577                      0.000585438                   6.430877E-07                  0.001107931
2.2                           1104.358                      1.003388                      2.207916                      0.00061331                    6.738659E-07                  0.001108099
2.3                           1104.274                      1.003472                      2.308259                      0.000641183                   7.046465E-07                  0.001108108
2.4                           1104.358                      1.00364                       2.408614                      0.0006690596                  7.354311E-07                  0.001108377
2.5                           1103.938                      1.003052                      2.508949                      0.0006969303                  7.662044E-07                  0.001107308
2.6                           1104.19                       1.003388                      2.609271                      0.0007247975                  7.969717E-07                  0.001107931
2.7                           1104.106                      1.003556                      2.709618                      0.0007526717                  8.27749E-07                   0.001108032
2.8                           1104.358                      1.003724                      2.809982                      0.0007805506                  8.585337E-07                  0.00110847
2.9                           1104.19                       1.003556                      2.910346                      0.0008084295                  8.893197E-07                  0.001108117
3                             1104.106                      1.003304                      3.010689                      0.0008363026                  9.200956E-07                  0.001107754
3.1                           1104.442                      1.003388                      3.111024                      0.0008641733                  9.508725E-07                  0.001108184
3.2                           1104.19                       1.003556                      3.211371                      0.0008920475                  9.816545E-07                  0.001108117
3.3                           1104.106                      1.003556                      3.311727                      0.0009199241                  1.012434E-06                  0.001108032
3.4                           1104.358                      1.003388                      3.412074                      0.0009477983                  1.043214E-06                  0.001108099
3.5                           1104.106                      1.003472                      3.512417                      0.0009756713                  1.073992E-06                  0.00110794
3.6                           1104.19                       1.003388                      3.61276                       0.001003544                   1.104768E-06                  0.001107931
3.7                           1104.274                      1.00364                       3.713111                      0.00103142                    1.135549E-06                  0.001108293
3.8                           1104.274                      1.003052                      3.813446                      0.00105929                    1.166326E-06                  0.001107644
3.9                           1104.106                      1.003472                      3.913772                      0.001087159                   1.197098E-06                  0.00110794
4                             1103.771                      1.00364                       4.014128                      0.001115035                   1.227872E-06                  0.001107788
4.1                           1104.274                      1.003304                      4.114475                      0.00114291                    1.258646E-06                  0.001107923
4.2                           1104.274                      1.003808                      4.21483                       0.001170786                   1.289429E-06                  0.001108479
4.3                           1104.442                      1.003388                      4.31519                       0.001198664                   1.320216E-06                  0.001108184
4.4                           1104.358                      1.00364                       4.415542                      0.001226539                   1.351002E-06                  0.001108377
4.5                           1104.442                      1.003472                      4.515897                      0.001254416                   1.381788E-06                  0.001108276
4.6                           1104.022                      1.003892                      4.616265                      0.001282296                   1.412575E-06                  0.001108319
4.7                           1104.442                      1.00364                       4.716642                      0.001310178                   1.443363E-06                  0.001108462
4.8                           1104.106                      1.003556                      4.817002                      0.001338056                   1.474148E-06                  0.001108032
4.9                           1103.938                      1.004144                      4.917387                      0.001365941                   1.504933E-06                  0.001108513
5                             1104.358                      1.00406                       5.017797                      0.001393832                   1.53573E-06                   0.001108841
5.1                           1104.442                      1.003724                      5.118186                      0.001421718                   1.566527E-06                  0.001108554
5.2                           1104.274                      1.003556                      5.21855                       0.001449597                   1.597315E-06                  0.001108201
5.3                           1104.525                      1.003388                      5.318897                      0.001477471                   1.628099E-06                  0.001108268
5.4                           1104.19                       1.003808                      5.419257                      0.001505349                   1.658886E-06                  0.001108394
5.5                           1104.358                      1.003976                      5.519646                      0.001533235                   1.68968E-06                   0.001108748
5.6                           1104.19                       1.003724                      5.620031                      0.00156112                    1.720472E-06                  0.001108302
5.7                           1104.274                      1.003472                      5.720391                      0.001588998                   1.751256E-06                  0.001108108
5.8                           1104.19                       1.003472                      5.820738                      0.001616872                   1.782035E-06                  0.001108024
5.9                           1104.442                      1.003388                      5.921081                      0.001644745                   1.812816E-06                  0.001108184
6                             1104.274                      1.003892                      6.021445                      0.001672624                   1.843604E-06                  0.001108571
6.1                           1104.106                      1.003388                      6.121809                      0.001700503                   1.874388E-06                  0.001107847
6.2                           1104.274                      1.003556                      6.222157                      0.001728377                   1.905167E-06                  0.001108201
6.3                           1104.274                      1.003472                      6.322508                      0.001756252                   1.935949E-06                  0.001108108
6.4                           1104.358                      1.003556                      6.422859                      0.001784128                   1.966732E-06                  0.001108285
6.5                           1103.687                      1.003808                      6.523228                      0.001812008                   1.997512E-06                  0.001107889
6.6                           1104.274                      1.003724                      6.623604                      0.00183989                    2.028293E-06                  0.001108386
6.7                           1104.609                      1.003724                      6.723977                      0.001867771                   2.059087E-06                  0.001108723
6.8                           1104.358                      1.003556                      6.82434                       0.00189565                    2.089879E-06                  0.001108285
6.9                           1103.938                      1.003304                      6.924684                      0.001923523                   2.120654E-06                  0.001107586
7                             1104.609                      1.003724                      7.025035                      0.001951399                   2.151437E-06                  0.001108723
7.1                           1104.106                      1.00364                       7.125403                      0.001979279                   2.182226E-06                  0.001108125
7.2                           1104.19                       1.00364                       7.225767                      0.002007158                   2.213008E-06                  0.001108209
7.3                           1104.358                      1.003808                      7.326139                      0.002035039                   2.243797E-06                  0.001108563
7.4                           1104.861                      1.003724                      7.426516                      0.002062921                   2.274596E-06                  0.001108975
7.5                           1104.442                      1.003724                      7.526888                      0.002090802                   2.305395E-06                  0.001108554
7.6                           1104.609                      1.003976                      7.627274                      0.002118687                   2.336194E-06                  0.001109001
7.7                           1104.442                      1.003808                      7.727663                      0.002146573                   2.366995E-06                  0.001108647
7.8                           1104.525                      1.003892                      7.828048                      0.002174458                   2.397793E-06                  0.001108824
7.9                           1104.274                      1.003808                      7.928432                      0.002202342                   2.428589E-06                  0.001108479
8                             1104.525                      1.003724                      8.02881                       0.002230225                   2.459383E-06                  0.001108639
8.1                           1104.442                      1.004228                      8.129208                      0.002258113                   2.490185E-06                  0.001109111
8.2                           1104.274                      1.00364                       8.229601                      0.002286                      2.520982E-06                  0.001108293
8.3                           1103.938                      1.003808                      8.329973                      0.002313881                   2.551766E-06                  0.001108142
8.4                           1104.19                       1.00364                       8.430346                      0.002341763                   2.582548E-06                  0.001108209
8.5                           1104.274                      1.003472                      8.530701                      0.002369639                   2.613331E-06                  0.001108108
8.6                           1104.358                      1.003724                      8.631061                      0.002397517                   2.644116E-06                  0.00110847
8.7                           1104.525                      1.00406                       8.73145                       0.002425403                   2.674915E-06                  0.001109009
8.8                           1104.19                       1.003724                      8.83184                       0.002453289                   2.705711E-06                  0.001108302
8.9                           1104.358                      1.003892                      8.93222                       0.002481172                   2.736502E-06                  0.001108656
9                             1104.777                      1.004144                      9.032621                      0.002509061                   2.767307E-06                  0.001109355
9.1                           1104.609                      1.003976                      9.133028                      0.002536952                   2.798118E-06                  0.001109001
9.2                           1103.938                      1.004228                      9.233438                      0.002564844                   2.828918E-06                  0.001108605
9.3                           1104.022                      1.003892                      9.333844                      0.002592735                   2.859709E-06                  0.001108319
9.4                           1104.106                      1.00406                       9.434241                      0.002620623                   2.890499E-06                  0.001108588
9.5                           1104.442                      1.003808                      9.534635                      0.00264851                    2.921294E-06                  0.001108647
9.6                           1104.525                      1.003388                      9.634995                      0.002676387                   2.952085E-06                  0.001108268
9.7                           1104.358                      1.003808                      9.735354                      0.002704265                   2.982874E-06                  0.001108563
9.8                           1104.106                      1.00364                       9.835727                      0.002732146                   3.013661E-06                  0.001108125
9.9                           1104.442                      1.003472                      9.936083                      0.002760023                   3.044445E-06                  0.001108276
10                            1104.609                      1.00364                       10.03644                      0.002787899                   3.075235E-06                  0.00110863
10.1                          1104.19                       1.003892                      10.13682                      0.002815782                   3.106028E-06                  0.001108487
10.2                          1104.525                      1.003892                      10.2372                       0.002843668                   3.136824E-06                  0.001108824
10.3                          1103.854                      1.003472                      10.33757                      0.002871548                   3.167609E-06                  0.001107687
10.4                          1104.442                      1.003892                      10.43794                      0.002899428                   3.198393E-06                  0.00110874
10.5                          1104.022                      1.003892                      10.53833                      0.002927314                   3.229185E-06                  0.001108319
10.6                          1104.525                      1.003892                      10.63872                      0.0029552                     3.259979E-06                  0.001108824
10.7                          1104.19                       1.003976                      10.73911                      0.002983087                   3.290776E-06                  0.00110858
10.8                          1104.274                      1.00364                       10.83949                      0.00301097                    3.321566E-06                  0.001108293
10.9                          1104.358                      1.003976                      10.93987                      0.003038854                   3.352358E-06                  0.001108748
11                            1104.106                      1.003976                      11.04027                      0.003066742                   3.383153E-06                  0.001108496
11.1                          1104.442                      1.00364                       11.14065                      0.003094625                   3.413945E-06                  0.001108462
11.2                          1104.19                       1.003724                      11.24102                      0.003122505                   3.444733E-06                  0.001108302
11.3                          1104.274                      1.003808                      11.3414                       0.003150388                   3.475521E-06                  0.001108479
11.4                          1103.938                      1.003808                      11.44178                      0.003178271                   3.506308E-06                  0.001108142
