Time(s)                       E(mV)                         I(mA)                         
0.01                          0.397432                      0.005494642                   
0.02                          0.9007191                     0.008278975                   
0.03                          1.907293                      0.01001499                    
0.04                          2.997749                      0.01139038                    
0.05                          4.004323                      0.01249741                    
0.06                          4.675372                      0.01345854                    
0.07                          6.101352                      0.01422661                    
0.08                          6.772402                      0.01499217                    
0.09                          8.03062                       0.01648388                    
0.1                           8.701669                      0.01711276                    
0.11                          10.37929                      0.01807956                    
0.12                          11.05034                      0.0186531                     
0.13                          11.97303                      0.01989577                    
0.14                          13.06349                      0.02046428                    
0.15                          13.98618                      0.02158704                    
0.16                          14.90888                      0.02235679                    
0.17                          16.08321                      0.02341079                    
0.18                          17.08979                      0.02446396                    
0.19                          17.84472                      0.0252857                     
0.2                           19.10294                      0.02620806                    
0.21                          19.60622                      0.02695181                    
0.22                          20.94832                      0.02819532                    
0.23                          21.87101                      0.02914954                    
0.24                          23.297                        0.02978178                    
0.25                          23.7164                       0.03029662                    
0.26                          25.39402                      0.03184367                    
0.27                          25.89731                      0.03264025                    
0.28                          26.82                         0.03347625                    
0.29                          28.1621                       0.03425774                    
0.3                           29.16868                      0.03534779                    
0.31                          30.25913                      0.0361863                     
0.32                          31.26571                      0.03721599                    
0.33                          32.10452                      0.03799832                    
0.34                          32.94333                      0.03898524                    
0.35                          34.28543                      0.04003925                    
0.36                          35.04036                      0.04051468                    
0.37                          36.38246                      0.04169279                    
0.38                          37.13739                      0.04310903                    
0.39                          37.80844                      0.04341005                    
0.4                           39.15054                      0.04456719                    
0.41                          40.32487                      0.04529334                    
0.42                          40.6604                       0.04626769                    
0.43                          42.42191                      0.04747766                    
0.44                          43.09296                      0.04787678                    
0.45                          44.43505                      0.04879244                    
0.46                          45.1061                       0.05006529                    
0.47                          46.02879                      0.05056001                    
0.48                          47.45477                      0.05188653                    
0.49                          47.95806                      0.05270994                    
0.5                           49.38404                      0.05356774                    
0.51                          50.30674                      0.05457898                    
0.52                          51.06166                      0.05530513                    
0.53                          51.64883                      0.05590886                    
0.54                          53.66198                      0.05765379                    
0.55                          54.33303                      0.0580177                     
0.56                          55.00408                      0.05898031                    
0.57                          55.92678                      0.06010978                    
0.58                          57.18499                      0.06066823                    
0.59                          58.35933                      0.06177841                    
0.6                           59.28202                      0.06241316                    
0.61                          60.12083                      0.06342357                    
0.62                          61.04353                      0.0644717                     
0.63                          61.96622                      0.06509975                    
0.64                          62.97279                      0.06602462                    
0.65                          64.06325                      0.06730586                    
0.66                          64.90206                      0.06798505                    
0.67                          66.16028                      0.06912794                    
0.68                          66.83133                      0.06999579                    
0.69                          67.8379                       0.07059951                    
0.7                           69.09612                      0.07181955                    
0.71                          70.18658                      0.07268908                    
0.72                          71.19315                      0.07366007                    
0.73                          72.36749                      0.07459585                    
0.74                          72.70301                      0.07506876                    
0.75                          74.29675                      0.07608252                    
0.76                          74.9678                       0.07718097                    
0.77                          75.97438                      0.07827774                    
0.78                          77.31647                      0.07892758                    
0.79                          77.98753                      0.07970739                    
0.8                           79.24574                      0.08075637                    
0.81                          79.91679                      0.08167537                    
0.82                          81.42666                      0.08250968                    
0.83                          82.18158                      0.08362155                    
0.84                          82.93651                      0.08449444                    
0.85                          84.11086                      0.0852885                     
0.86                          84.78191                      0.08596853                    
0.87                          85.95624                      0.08739819                    
0.88                          87.21445                      0.08808661                    
0.89                          87.71774                      0.08917582                    
0.9                           88.89207                      0.08980639                    
0.91                          90.06641                      0.09107001                    
0.92                          90.90523                      0.09152868                    
0.93                          92.24733                      0.09279986                    
0.94                          93.08614                      0.09351762                    
0.95                          94.17659                      0.09441483                    
0.96                          95.18317                      0.0955326                     
0.97                          96.02198                      0.09623708                    
0.98                          96.86079                      0.09714282                    
0.99                          98.20288                      0.09837564                    
1                             98.87393                      0.09917237                    
1.01                          99.79663                      0.09989361                    
1.02                          100.7193                      0.1008748                     
1.03                          102.2292                      0.1017386                     
1.04                          103.068                       0.1029547                     
1.05                          103.9907                      0.1038772                     
1.06                          105.0811                      0.1045817                     
1.07                          105.8361                      0.1054958                     
1.08                          106.8427                      0.106519                      
1.09                          108.017                       0.1070557                     
1.1                           109.0236                      0.1082718                     
1.11                          110.114                       0.1090182                     
1.12                          111.2884                      0.1100749                     
1.13                          112.211                       0.1109555                     
1.14                          112.6304                      0.111509                      
1.15                          113.8887                      0.1123728                     
1.16                          115.1469                      0.1139075                     
1.17                          116.1535                      0.1142514                     
1.18                          116.9084                      0.1154674                     
1.19                          117.9988                      0.1164067                     
1.2                           119.0054                      0.1171112                     
1.21                          120.4314                      0.1179079                     
1.22                          120.683                       0.1192749                     
1.23                          122.0251                      0.1196104                     
1.24                          123.1156                      0.1210864                     
1.25                          124.1222                      0.121816                      
1.26                          125.0449                      0.1226547                     
1.27                          125.9676                      0.1236108                     
1.28                          127.1419                      0.1247597                     
1.29                          128.3162                      0.1253719                     
1.3                           128.9873                      0.1261938                     
1.31                          129.8261                      0.127066                      
1.32                          130.9165                      0.1281647                     
1.33                          132.4264                      0.1292633                     
1.34                          133.0136                      0.1301355                     
1.35                          134.5234                      0.13084                       
1.36                          134.9428                      0.131796                      
1.37                          136.5366                      0.132794                      
1.38                          136.8721                      0.1335153                     
1.39                          138.1303                      0.1345133                     
1.4                           139.4724                      0.1356203                     
1.41                          140.0596                      0.136417                      
1.42                          141.5695                      0.1374234                     
1.43                          142.2405                      0.1379685                     
1.44                          142.9116                      0.138673                      
1.45                          144.002                       0.1400484                     
1.46                          145.0925                      0.1407948                     
1.47                          146.1829                      0.141776                      
1.48                          147.3573                      0.1424637                     
1.49                          148.28                        0.1435708                     
1.5                           148.951                       0.1441746                     
1.51                          150.377                       0.1456087                     
1.52                          150.8803                      0.1460783                     
1.53                          152.2224                      0.1474369                     
1.54                          153.3967                      0.1482504                     
1.55                          154.1516                      0.1489549                     
1.56                          155.1582                      0.1498187                     
1.57                          155.997                       0.1511689                     
1.58                          157.0036                      0.1519154                     
1.59                          158.0102                      0.1525611                     
1.6                           159.52                        0.1534333                     
1.61                          159.9394                      0.1545403                     
1.62                          160.8621                      0.1554377                     
1.63                          161.8687                      0.1565196                     
1.64                          163.043                       0.1572492                     
1.65                          164.469                       0.1581969                     
1.66                          165.3917                      0.1592368                     
1.67                          166.1466                      0.1597232                     
1.68                          167.1532                      0.1609728                     
1.69                          168.1598                      0.1621469                     
1.7                           168.8308                      0.1628011                     
1.71                          170.1729                      0.1636314                     
1.72                          171.0118                      0.164621                      
1.73                          172.1022                      0.1651745                     
1.74                          172.941                       0.1666589                     
1.75                          174.4509                      0.1670531                     
1.76                          174.9542                      0.1683194                     
1.77                          176.1285                      0.1691916                     
1.78                          177.1351                      0.1698039                     
1.79                          178.1416                      0.1709696                     
1.8                           179.316                       0.1718082                     
1.81                          179.8193                      0.1723617                     
1.82                          181.0775                      0.1737288                     
1.83                          181.9163                      0.1746345                     
1.84                          183.0906                      0.1751796                     
1.85                          183.7617                      0.1763957                     
1.86                          185.0199                      0.177335                      
1.87                          186.1942                      0.1781736                     
1.88                          187.1169                      0.1792387                     
1.89                          188.2913                      0.1796664                     
1.9                           189.1301                      0.1810167                     
1.91                          189.9689                      0.181956                      
1.92                          190.8077                      0.1828114                     
1.93                          192.2337                      0.1834655                     
1.94                          192.9886                      0.1845474                     
1.95                          194.2468                      0.1851177                     
1.96                          194.834                       0.186535                      
1.97                          195.9245                      0.1869627                     
1.98                          197.0149                      0.1884136                     
1.99                          198.0215                      0.1890845                     
2                             199.1958                      0.1899651                     
2.01                          199.9508                      0.1907451                     
2.02                          200.9573                      0.1922295                     
2.03                          202.2994                      0.1926907                     
2.04                          203.1382                      0.1939319                     
2.05                          204.2287                      0.1944687                     
2.06                          205.0675                      0.1956428                     
2.07                          206.158                       0.1960537                     
2.08                          207.2484                      0.1976136                     
2.09                          207.9195                      0.1981504                     
2.1                           209.0099                      0.1987878                     
2.11                          210.6037                      0.2000625                     
2.12                          211.3586                      0.2009515                     
2.13                          212.2813                      0.2013708                     
2.14                          213.2879                      0.2027798                     
2.15                          213.7912                      0.2036855                     
2.16                          215.301                       0.204348                      
2.17                          215.9721                      0.2056312                     
2.18                          217.2303                      0.2061008                     
2.19                          218.2369                      0.2069814                     
2.2                           219.579                       0.2084155                     
2.21                          220.25                        0.2091284                     
2.22                          221.5082                      0.2098999                     
2.23                          222.347                       0.2107554                     
2.24                          223.3536                      0.2116276                     
2.25                          224.2763                      0.2129778                     
2.26                          225.199                       0.2133804                     
2.27                          226.2895                      0.2147641                     
2.28                          227.4638                      0.215477                      
2.29                          228.4704                      0.2161479                     
2.3                           229.2253                      0.2172549                     
2.31                          230.4835                      0.2183787                     
2.32                          231.4901                      0.2192342                     
2.33                          232.0773                      0.2201735                     
2.34                          233.2516                      0.2209786                     
2.35                          234.2581                      0.2218759                     
2.36                          235.6842                      0.2226894                     
2.37                          236.1035                      0.2236539                     
2.38                          237.6134                      0.224677                      
2.39                          238.2845                      0.2249789                     
2.4                           239.7104                      0.2264969                     
2.41                          240.046                       0.2272349                     
2.42                          241.3042                      0.2278639                     
2.43                          242.0591                      0.2289206                     
2.44                          243.4012                      0.2302205                     
2.45                          244.3239                      0.2307992                     
2.46                          245.4144                      0.232032                      
2.47                          246.2532                      0.2324681                     
2.48                          247.4275                      0.2336423                     
2.49                          247.8469                      0.2346067                     
2.5                           249.189                       0.2355208                     
2.51                          250.2795                      0.236284                      
2.52                          251.0344                      0.2373659                     
2.53                          252.3765                      0.237911                      
2.54                          252.9637                      0.2393032                     
2.55                          254.6413                      0.2399657                     
2.56                          255.1446                      0.2410224                     
2.57                          255.8156                      0.2419114                     
2.58                          257.0739                      0.242423                      
2.59                          257.9127                      0.2433958                     
2.6                           259.2548                      0.2447544                     
2.61                          259.9258                      0.2453415                     
2.62                          261.3518                      0.2464569                     
2.63                          262.3584                      0.2473207                     
2.64                          263.1133                      0.2478155                     
2.65                          264.2037                      0.249258                      
2.66                          265.0425                      0.2503231                     
2.67                          265.8813                      0.2508011                     
2.68                          267.3912                      0.2517068                     
2.69                          267.8945                      0.2528223                     
2.7                           269.5721                      0.2535855                     
2.71                          270.2432                      0.2545247                     
2.72                          270.9142                      0.2552124                     
2.73                          272.1725                      0.2564956                     
2.74                          273.0952                      0.2572755                     
2.75                          274.5211                      0.2580639                     
2.76                          275.1083                      0.2585922                     
2.77                          276.1149                      0.2600012                     
2.78                          277.1215                      0.2608901                     
2.79                          278.0441                      0.2618043                     
2.8                           278.9668                      0.2624836                     
2.81                          280.3089                      0.2638674                     
2.82                          281.2316                      0.2642867                     
2.83                          282.1543                      0.2653518                     
2.84                          283.1609                      0.2662827                     
2.85                          284.1674                      0.2674149                     
2.86                          285.4257                      0.2681865                     
2.87                          286.2645                      0.2690922                     
2.88                          287.1872                      0.2701908                     
2.89                          288.026                       0.2710211                     
2.9                           289.2003                      0.2719352                     
2.91                          290.2908                      0.2728326                     
2.92                          291.549                       0.2735454                     
2.93                          292.304                       0.2744679                     
2.94                          293.5622                      0.2756505                     
2.95                          293.9816                      0.2764723                     
2.96                          295.3237                      0.2769923                     
2.97                          295.9947                      0.2780071                     
2.98                          297.5885                      0.2789044                     
2.99                          297.924                       0.2798186                     
3                             298.8467                      0.2810766                     
3.01                          300.1888                      0.2815546                     
3.02                          301.1115                      0.2828209                     
3.03                          302.4536                      0.2838106                     
3.04                          303.1246                      0.2843557                     
3.05                          304.6345                      0.2853621                     
3.06                          305.0539                      0.2867207                     
3.07                          306.1443                      0.2872491                     
3.08                          307.2348                      0.2882638                     
3.09                          308.493                       0.2887083                     
3.1                           309.1641                      0.2898908                     
3.11                          310.5062                      0.2911153                     
3.12                          311.0933                      0.2915178                     
3.13                          312.2677                      0.2925074                     
3.14                          313.1903                      0.2937989                     
3.15                          314.5325                      0.2942518                     
3.16                          314.9518                      0.2957111                     
3.17                          316.4617                      0.2961556                     
3.18                          317.5522                      0.2973297                     
3.19                          318.1393                      0.2983528                     
3.2                           319.3137                      0.2990992                     
3.21                          320.5719                      0.299787                      
3.22                          321.4946                      0.3015146                     
3.23                          322.0818                      0.3018752                     
3.24                          323.4239                      0.3027222                     
3.25                          324.0949                      0.3036532                     
3.26                          325.437                       0.3046679                     
3.27                          326.0242                      0.3052214                     
3.28                          327.6179                      0.3062781                     
3.29                          328.289                       0.3070665                     
3.3                           329.5472                      0.3084083                     
3.31                          330.3021                      0.3088109                     
3.32                          331.3926                      0.3101024                     
3.33                          331.8959                      0.3106559                     
3.34                          333.6573                      0.3119055                     
3.35                          334.2445                      0.3126519                     
3.36                          335.4189                      0.3137589                     
3.37                          335.9221                      0.3145221                     
3.38                          337.3481                      0.3154195                     
3.39                          338.0192                      0.3162497                     
3.4                           339.3613                      0.3173484                     
3.41                          340.1162                      0.3182793                     
3.42                          341.2906                      0.3188747                     
3.43                          342.381                       0.3200237                     
3.44                          343.4714                      0.320661                      
3.45                          344.3103                      0.3220197                     
3.46                          345.5685                      0.3227242                     
3.47                          346.3234                      0.3234789                     
3.48                          347.0783                      0.3245608                     
3.49                          348.5043                      0.3253994                     
3.5                           348.8398                      0.3256846                     
3.51                          350.3497                      0.3273787                     
3.52                          351.1046                      0.3282425                     
3.53                          352.3629                      0.3289973                     
3.54                          353.3694                      0.3299701                     
3.55                          354.2921                      0.3309849                     
3.56                          355.131                       0.3319409                     
3.57                          356.1375                      0.332788                      
3.58                          357.3958                      0.3334841                     
3.59                          358.4023                      0.3347085                     
3.6                           359.7444                      0.3356898                     
3.61                          359.9961                      0.3360755                     
3.62                          361.1704                      0.3375012                     
3.63                          362.4286                      0.3383147                     
3.64                          363.603                       0.339145                      
3.65                          364.8612                      0.3400507                     
3.66                          365.3644                      0.3407552                     
3.67                          366.371                       0.3417197                     
3.68                          367.797                       0.3429022                     
3.69                          368.0486                      0.3433131                     
3.7                           369.3907                      0.3447891                     
3.71                          370.0618                      0.3453846                     
3.72                          371.0684                      0.3462736                     
3.73                          372.2427                      0.3469948                     
3.74                          373.3332                      0.3482947                     
3.75                          374.0042                      0.3487895                     
3.76                          375.1786                      0.3501817                     
3.77                          376.4367                      0.3508359                     
3.78                          376.94                        0.3517332                     
3.79                          378.0305                      0.3524964                     
3.8                           379.3726                      0.3537963                     
3.81                          380.4631                      0.3545175                     
3.82                          381.5535                      0.3557084                     
3.83                          382.3923                      0.3561277                     
3.84                          383.2311                      0.3574612                     
3.85                          384.2377                      0.3582747                     
3.86                          385.412                       0.3592643                     
3.87                          386.6703                      0.3598765                     
3.88                          387.5091                      0.3610506                     
3.89                          388.3479                      0.3618474                     
3.9                           389.2706                      0.3626357                     
3.91                          390.6127                      0.3634324                     
3.92                          391.3676                      0.3649168                     
3.93                          392.8775                      0.3653697                     
3.94                          393.6324                      0.3663594                     
3.95                          394.3874                      0.3671644                     
3.96                          395.8133                      0.3680702                     
3.97                          396.3166                      0.3690933                     
3.98                          397.7426                      0.3702255                     
3.99                          398.7492                      0.3708629                     
4                             399.4202                      0.372079                      
4.01                          400.8462                      0.3727499                     
4.02                          401.2656                      0.3734544                     
4.03                          402.5238                      0.3746536                     
4.04                          403.1949                      0.3754                        
4.05                          403.9498                      0.3762974                     
4.06                          405.2919                      0.3773373                     
4.07                          405.963                       0.3780082                     
4.08                          407.3051                      0.3787295                     
4.09                          408.3116                      0.3800629                     
4.1                           409.6537                      0.3807171                     
4.11                          410.3247                      0.3819499                     
4.12                          411.4152                      0.3827131                     
4.13                          412.4218                      0.3835769                     
4.14                          413.2606                      0.3846504                     
4.15                          414.5188                      0.3855645                     
4.16                          415.4415                      0.3863026                     
4.17                          416.532                       0.3875018                     
4.18                          417.5385                      0.3881056                     
4.19                          418.2935                      0.3890953                     
4.2                           419.1323                      0.3896823                     
4.21                          420.5583                      0.3912255                     
4.22                          420.9777                      0.3918628                     
4.23                          422.152                       0.3925841                     
4.24                          423.4102                      0.3933473                     
4.25                          424.6685                      0.3943956                     
4.26                          425.1718                      0.395142                      
4.27                          426.5977                      0.3964838                     
4.28                          427.4365                      0.3969535                     
4.29                          428.7786                      0.3981695                     
4.3                           429.5336                      0.3991507                     
4.31                          430.4563                      0.3997462                     
4.32                          431.0434                      0.4007106                     
4.33                          432.6372                      0.4021196                     
4.34                          433.7276                      0.4027653                     
4.35                          434.147                       0.403604                      
4.36                          435.3214                      0.4044175                     
4.37                          436.7473                      0.4052729                     
4.38                          437.3345                      0.4065225                     
4.39                          438.3411                      0.4072689                     
4.4                           439.1799                      0.4079314                     
4.41                          440.3542                      0.4091727                     
4.42                          441.6124                      0.4097178                     
4.43                          442.3674                      0.4109758                     
4.44                          443.4579                      0.4116718                     
4.45                          443.8772                      0.4127118                     
4.46                          445.3871                      0.413433                      
4.47                          446.3936                      0.4146155                     
4.48                          447.1486                      0.4150097                     
4.49                          447.9874                      0.4164019                     
4.5                           449.4134                      0.4175844                     
4.51                          450.5038                      0.4182301                     
4.52                          451.2588                      0.4191694                     
4.53                          452.3492                      0.420159                      
4.54                          453.5236                      0.4209138                     
4.55                          454.3624                      0.4217189                     
4.56                          455.2851                      0.4226834                     
4.57                          456.2916                      0.4237988                     
4.58                          457.3821                      0.4246542                     
4.59                          458.4726                      0.4255013                     
4.6                           459.3114                      0.4263147                     
4.61                          460.4018                      0.427036                      
4.62                          461.4084                      0.4282353                     
4.63                          462.9183                      0.4290572                     
4.64                          462.8344                      0.4298287                     
4.65                          464.7636                      0.4311538                     
4.66                          465.0992                      0.4317409                     
4.67                          466.7768                      0.432504                      
4.68                          467.0284                      0.4338291                     
4.69                          468.6222                      0.434651                      
4.7                           469.1255                      0.4353051                     
4.71                          470.8031                      0.4366051                     
4.72                          471.4742                      0.4371502                     
4.73                          472.7324                      0.4381649                     
4.74                          473.739                       0.4394313                     
4.75                          474.6616                      0.4398674                     
4.76                          475.5843                      0.4409074                     
4.77                          476.5909                      0.4417963                     
4.78                          477.4297                      0.4426266                     
4.79                          478.5202                      0.4434149                     
4.8                           479.4429                      0.4445807                     
4.81                          480.6172                      0.4452935                     
4.82                          481.6238                      0.4465012                     
4.83                          482.1271                      0.4471973                     
4.84                          483.553                       0.4481617                     
4.85                          484.2241                      0.4487907                     
4.86                          485.3984                      0.4499983                     
4.87                          486.405                       0.450837                      
4.88                          487.5793                      0.4519776                     
4.89                          488.502                       0.4523466                     
4.9                           489.0892                      0.4536381                     
4.91                          490.7668                      0.4546445                     
4.92                          491.354                       0.455567                      
4.93                          492.5284                      0.4562212                     
4.94                          493.5349                      0.4572695                     
4.95                          494.2898                      0.4581668                     
4.96                          495.2964                      0.4589132                     
4.97                          496.3868                      0.4598945                     
4.98                          497.5612                      0.4613202                     
4.99                          498.4839                      0.4616473                     
5                             499.4905                      0.4626453                     
5.01                          500.7487                      0.4634756                     
5.02                          501.4197                      0.4642807                     
5.03                          502.5102                      0.4654045                     
5.04                          503.0974                      0.4666205                     
5.05                          504.1878                      0.4668553                     
5.06                          505.3621                      0.4684907                     
5.07                          506.872                       0.4690778                     
5.08                          507.5431                      0.4697906                     
5.09                          508.6335                      0.4712079                     
5.1                           509.3884                      0.4719795                     
5.11                          509.9756                      0.4727762                     
5.12                          511.6532                      0.4738749                     
5.13                          512.6598                      0.4745038                     
5.14                          513.6664                      0.4754599                     
5.15                          514.5052                      0.4764076                     
5.16                          515.6795                      0.477263                      
5.17                          516.3506                      0.4780514                     
5.18                          517.8604                      0.4792506                     
5.19                          518.9509                      0.47993                       
5.2                           519.8736                      0.4810286                     
5.21                          520.4608                      0.4816492                     
5.22                          521.6351                      0.4827479                     
5.23                          522.3062                      0.4835949                     
5.24                          523.2288                      0.4846432                     
5.25                          524.5709                      0.4851967                     
5.26                          525.1581                      0.4866644                     
5.27                          526.5841                      0.4872514                     
5.28                          527.4229                      0.4884004                     
5.29                          528.6811                      0.4890629                     
5.3                           529.436                       0.4898931                     
5.31                          530.5265                      0.4907486                     
5.32                          531.3653                      0.4921324                     
5.33                          532.5396                      0.4926943                     
5.34                          533.2946                      0.4935413                     
5.35                          534.385                       0.4945813                     
5.36                          535.5594                      0.4955289                     
5.37                          536.3143                      0.4957973                     
5.38                          537.3209                      0.4972146                     
5.39                          538.3275                      0.4980784                     
5.4                           539.5857                      0.4990932                     
5.41                          540.5084                      0.5000241                     
5.42                          541.515                       0.5008711                     
5.43                          542.6053                      0.5013744                     
5.44                          543.6119                      0.5031523                     
5.45                          544.5347                      0.5035297                     
5.46                          545.7928                      0.5042845                     
5.47                          546.7156                      0.5054502                     
5.48                          547.3866                      0.5062889                     
5.49                          548.8126                      0.5070772                     
5.5                           548.9803                      0.5083184                     
5.51                          550.9096                      0.5091235                     
5.52                          551.4968                      0.510155                      
5.53                          552.8389                      0.5110272                     
5.54                          553.1744                      0.5115808                     
5.55                          554.5165                      0.5124111                     
5.56                          555.4392                      0.5136774                     
5.57                          556.5297                      0.5144909                     
5.58                          557.5363                      0.5151954                     
5.59                          558.3751                      0.516185                      
5.6                           559.801                       0.517401                      
5.61                          560.556                       0.5180132                     
5.62                          561.9819                      0.5188687                     
5.63                          562.5691                      0.5199506                     
5.64                          563.9112                      0.5210073                     
5.65                          564.6661                      0.521544                      
5.66                          565.4211                      0.5224581                     
5.67                          566.4276                      0.5240264                     
5.68                          567.9375                      0.5243367                     
5.69                          568.7763                      0.525494                      
5.7                           569.4474                      0.5262069                     
5.71                          570.7895                      0.5273811                     
5.72                          571.4605                      0.527792                      
5.73                          572.551                       0.5292512                     
5.74                          573.5576                      0.529788                      
5.75                          574.2286                      0.5311298                     
5.76                          575.4868                      0.5317169                     
5.77                          576.4095                      0.5326729                     
5.78                          577.3322                      0.5333019                     
5.79                          579.0098                      0.5347695                     
5.8                           579.5131                      0.5354657                     
5.81                          580.3519                      0.5360947                     
5.82                          581.8618                      0.5370591                     
5.83                          582.8683                      0.5381075                     
5.84                          583.8749                      0.5389377                     
5.85                          584.7137                      0.5401956                     
5.86                          585.3848                      0.5409337                     
5.87                          586.7269                      0.5417975                     
5.88                          587.1463                      0.5426948                     
5.89                          588.1529                      0.5432652                     
5.9                           589.4949                      0.5445651                     
5.91                          590.5015                      0.545605                      
5.92                          591.4242                      0.5464939                     
5.93                          592.2631                      0.5472739                     
5.94                          593.7729                      0.5481545                     
5.95                          594.6117                      0.5488757                     
5.96                          595.5344                      0.5501001                     
5.97                          596.6249                      0.5508131                     
5.98                          597.3798                      0.5516936                     
5.99                          598.638                       0.5527839                     
6                             599.5607                      0.5533206                     
6.01                          600.8189                      0.5546289                     
6.02                          601.7416                      0.5553669                     
6.03                          602.5804                      0.556105                      
6.04                          603.5031                      0.5572203                     
6.05                          604.3419                      0.5582854                     
6.06                          605.684                       0.5585873                     
6.07                          606.6068                      0.560097                      
6.08                          607.3616                      0.5608685                     
6.09                          608.7037                      0.5619504                     
6.1                           609.8781                      0.5627555                     
6.11                          610.7169                      0.5635019                     
6.12                          611.3879                      0.5644915                     
6.13                          612.3945                      0.5657746                     
6.14                          613.7366                      0.5662946                     
6.15                          614.5754                      0.5670494                     
6.16                          615.8337                      0.5681732                     
6.17                          616.6725                      0.5689867                     
6.18                          617.5952                      0.5699176                     
6.19                          618.8534                      0.570513                      
6.2                           619.7761                      0.5718297                     
6.21                          620.531                       0.572769                      
6.22                          621.8731                      0.5734567                     
6.23                          622.5441                      0.5741025                     
6.24                          623.2991                      0.5754863                     
6.25                          624.7251                      0.576283                      
6.26                          625.5638                      0.5775242                     
6.27                          626.8221                      0.5779855                     
6.28                          627.6609                      0.5792937                     
6.29                          628.7513                      0.5799227                     
6.3                           629.4224                      0.5811974                     
6.31                          630.5129                      0.581533                      
6.32                          631.3517                      0.5829419                     
6.33                          632.4421                      0.5835961                     
6.34                          633.4487                      0.584636                      
6.35                          634.3714                      0.5849714                     
6.36                          635.5457                      0.5865984                     
6.37                          636.7201                      0.5872358                     
6.38                          637.8105                      0.588108                      
6.39                          638.5654                      0.5890976                     
6.4                           640.1592                      0.5899699                     
6.41                          640.5786                      0.5906408                     
6.42                          641.5852                      0.5920329                     
6.43                          642.9273                      0.5927206                     
6.44                          643.3467                      0.5937941                     
6.45                          644.6888                      0.5944818                     
6.46                          645.2759                      0.5952449                     
6.47                          646.9536                      0.5962346                     
6.48                          647.7085                      0.5977106                     
6.49                          648.6312                      0.5981803                     
6.5                           649.7217                      0.5992202                     
6.51                          650.5604                      0.5998743                     
6.52                          651.4832                      0.6007382                     
6.53                          652.4058                      0.6016942                     
6.54                          653.748                       0.6025413                     
6.55                          654.419                       0.6034889                     
6.56                          655.9288                      0.6048476                     
6.57                          656.3483                      0.6050823                     
6.58                          657.8582                      0.6061056                     
6.59                          658.7808                      0.6073635                     
6.6                           659.8713                      0.6078835                     
6.61                          660.6262                      0.6091415                     
6.62                          661.465                       0.6099717                     
6.63                          662.891                       0.6106762                     
6.64                          663.3104                      0.6116909                     
6.65                          664.7364                      0.6128399                     
6.66                          665.3235                      0.6135948                     
6.67                          666.6656                      0.6147102                     
6.68                          667.6722                      0.6153895                     
6.69                          668.511                       0.6161526                     
6.7                           669.7692                      0.6174777                     
6.71                          670.608                       0.6181989                     
6.72                          671.5308                      0.6189957                     
6.73                          672.4535                      0.6199601                     
6.74                          673.2084                      0.6208658                     
6.75                          674.886                       0.6215452                     
6.76                          675.1376                      0.6224677                     
6.77                          676.983                       0.6238599                     
6.78                          677.8218                      0.6245308                     
6.79                          678.5768                      0.6251094                     
6.8                           679.6672                      0.6264513                     
6.81                          680.2544                      0.6270216                     
6.82                          681.5966                      0.6279273                     
6.83                          682.7708                      0.629026                      
6.84                          683.6935                      0.629873                      
6.85                          684.7001                      0.6306027                     
6.86                          685.6228                      0.6318774                     
6.87                          686.7133                      0.6323555                     
6.88                          687.5521                      0.6336805                     
6.89                          688.3909                      0.6345779                     
6.9                           689.6491                      0.6354333                     
6.91                          690.4879                      0.6362216                     
6.92                          691.7461                      0.6372951                     
6.93                          692.3333                      0.6377144                     
6.94                          693.9271                      0.6392827                     
6.95                          694.5142                      0.6398363                     
6.96                          695.6046                      0.6409852                     
6.97                          696.8629                      0.6418657                     
6.98                          697.3661                      0.6426625                     
6.99                          698.4567                      0.6435011                     
7                             699.3793                      0.6444069                     
7.01                          700.7214                      0.6450946                     
7.02                          701.8119                      0.6463106                     
7.03                          702.8184                      0.6471912                     
7.04                          703.4895                      0.6475099                     
7.05                          704.4961                      0.6491705                     
7.06                          705.7543                      0.6502104                     
7.07                          706.1736                      0.6505794                     
7.08                          707.5997                      0.6514683                     
7.09                          708.4385                      0.6528438                     
7.1                           709.6128                      0.6533386                     
7.11                          710.955                       0.6545463                     
7.12                          711.5421                      0.6552591                     
7.13                          712.8842                      0.6564584                     
7.14                          713.5552                      0.6573641                     
7.15                          714.3102                      0.6580099                     
7.16                          715.5684                      0.658446                      
7.17                          716.4911                      0.660182                      
7.18                          717.7493                      0.6608278                     
7.19                          718.8397                      0.6616916                     
7.2                           719.6785                      0.6624715                     
7.21                          720.8529                      0.6634863                     
7.22                          721.4401                      0.6645765                     
7.23                          722.6982                      0.6654236                     
7.24                          723.4532                      0.6660777                     
7.25                          724.3759                      0.6673608                     
7.26                          725.8019                      0.6679395                     
7.27                          726.2213                      0.6688117                     
7.28                          727.6473                      0.6699355                     
7.29                          728.6539                      0.6707407                     
7.3                           729.6605                      0.6718057                     
7.31                          731.0864                      0.6727954                     
7.32                          731.9252                      0.6732818                     
7.33                          732.4285                      0.6743888                     
7.34                          733.6028                      0.6754958                     
7.35                          734.3578                      0.6763093                     
7.36                          735.6998                      0.6770474                     
7.37                          736.3709                      0.6783305                     
7.38                          737.7969                      0.6788169                     
7.39                          738.7196                      0.679949                      
7.4                           739.8101                      0.6809303                     
7.41                          740.9005                      0.681878                      
7.42                          741.4037                      0.6824902                     
7.43                          742.9136                      0.683614                      
7.44                          743.4169                      0.6842514                     
7.45                          744.4235                      0.6852242                     
7.46                          745.6817                      0.6863983                     
7.47                          746.6044                      0.6871699                     
7.48                          747.611                       0.6878324                     
7.49                          748.9531                      0.6892665                     
7.5                           749.5402                      0.6898116                     
7.51                          750.9662                      0.6909019                     
7.52                          751.5534                      0.6916232                     
7.53                          752.4761                      0.6928644                     
7.54                          753.3149                      0.6933508                     
7.55                          754.7408                      0.6946339                     
7.56                          755.5797                      0.6950449                     
7.57                          756.5863                      0.6965377                     
7.58                          757.6767                      0.6973092                     
7.59                          758.5994                      0.6981898                     
7.6                           759.7737                      0.6990368                     
7.61                          760.4448                      0.7001355                     
7.62                          762.1224                      0.7009155                     
7.63                          762.7096                      0.701947                      
7.64                          764.2195                      0.702685                      
7.65                          764.4711                      0.7037836                     
7.66                          765.8971                      0.7044881                     
7.67                          766.4843                      0.705092                      
7.68                          768.078                       0.7064505                     
7.69                          768.4974                      0.7075744                     
7.7                           769.6717                      0.7078931                     
7.71                          770.8461                      0.7091678                     
7.72                          771.8527                      0.7099226                     
7.73                          773.027                       0.7105264                     
7.74                          773.6141                      0.7119353                     
7.75                          775.0401                      0.7126901                     
7.76                          775.7112                      0.7135036                     
7.77                          776.55                        0.71477                       
7.78                          777.976                       0.7153823                     
7.79                          778.4792                      0.7162628                     
7.8                           779.6536                      0.717395                      
7.81                          780.5763                      0.7183595                     
7.82                          781.8345                      0.7192401                     
7.83                          782.5895                      0.7200032                     
7.84                          783.8477                      0.7205903                     
7.85                          784.6865                      0.721756                      
7.86                          785.6931                      0.7228966                     
7.87                          786.448                       0.723643                      
7.88                          787.7062                      0.7245068                     
7.89                          788.6289                      0.7252784                     
7.9                           789.8871                      0.7264441                     
7.91                          790.8098                      0.7272744                     
7.92                          791.5648                      0.7283562                     
7.93                          792.8229                      0.7288426                     
7.94                          793.8295                      0.7300167                     
7.95                          795.0039                      0.7304193                     
7.96                          796.0104                      0.7320547                     
7.97                          797.017                       0.732625                      
7.98                          798.0236                      0.7335307                     
7.99                          798.6107                      0.7343777                     
8                             799.4496                      0.7354932                     
8.01                          800.7078                      0.7357531                     
8.02                          801.5466                      0.7375143                     
8.03                          802.7209                      0.738202                      
8.04                          803.5598                      0.7390742                     
8.05                          804.4824                      0.7400974                     
8.06                          805.9084                      0.7408019                     
8.07                          806.915                       0.7417663                     
8.08                          808.1732                      0.7429572                     
8.09                          808.8442                      0.7435442                     
8.1                           809.9348                      0.7446597                     
8.11                          810.438                       0.7455486                     
8.12                          811.864                       0.7462951                     
8.13                          812.7867                      0.7474272                     
8.14                          814.0449                      0.7485343                     
8.15                          814.7159                      0.7491129                     
8.16                          815.8063                      0.7501277                     
8.17                          816.3936                      0.7507147                     
8.18                          817.8195                      0.7516289                     
8.19                          818.8261                      0.7530127                     
8.2                           820.1682                      0.7538764                     
8.21                          820.8392                      0.7541617                     
8.22                          822.0975                      0.7558054                     
8.23                          822.6008                      0.7564679                     
8.24                          823.859                       0.7574911                     
8.25                          824.6978                      0.7579523                     
8.26                          825.7044                      0.7591516                     
8.27                          826.5432                      0.7601496                     
8.28                          827.7175                      0.7612818                     
8.29                          828.4724                      0.7613069                     
8.3                           829.9823                      0.763152                      
8.31                          830.9889                      0.7636803                     
8.32                          831.9116                      0.764779                      
8.33                          832.5826                      0.7652151                     
8.34                          834.0086                      0.7665486                     
8.35                          834.7635                      0.7673033                     
8.36                          835.6862                      0.7687877                     
8.37                          837.0283                      0.7690393                     
8.38                          837.3639                      0.7703477                     
8.39                          839.1254                      0.771287                      
8.4                           839.7125                      0.7721004                     
8.41                          840.7191                      0.7725785                     
8.42                          841.3901                      0.7742139                     
8.43                          842.8161                      0.7746499                     
8.44                          844.0743                      0.7759079                     
8.45                          844.4938                      0.7765201                     
8.46                          845.9197                      0.7775014                     
8.47                          847.0102                      0.7785246                     
8.48                          847.9329                      0.7792458                     
8.49                          848.8556                      0.7798328                     
8.5                           849.946                       0.7812837                     
8.51                          851.0365                      0.7818875                     
8.52                          851.8752                      0.7828939                     
8.53                          853.1335                      0.7838248                     
8.54                          853.7207                      0.7849821                     
8.55                          855.0628                      0.7857118                     
8.56                          855.65                        0.7867937                     
8.57                          856.8243                      0.7870453                     
8.58                          857.8309                      0.7887226                     
8.59                          858.6697                      0.7894186                     
8.6                           860.0118                      0.7903076                     
8.61                          860.7667                      0.7912804                     
8.62                          861.8572                      0.7923288                     
8.63                          863.0315                      0.792983                      
8.64                          864.2059                      0.7943584                     
8.65                          864.5413                      0.7946854                     
8.66                          865.9673                      0.7958679                     
8.67                          866.9739                      0.7968491                     
8.68                          867.9805                      0.7977129                     
8.69                          869.071                       0.7981239                     
8.7                           870.1614                      0.7997006                     
8.71                          870.6647                      0.8004972                     
8.72                          871.7551                      0.8012773                     
8.73                          872.9295                      0.8017805                     
8.74                          873.6844                      0.8030133                     
8.75                          875.3621                      0.8037932                     
8.76                          875.7814                      0.805026                      
8.77                          877.1235                      0.8059066                     
8.78                          877.7946                      0.8068878                     
8.79                          878.8011                      0.8076426                     
8.8                           879.9755                      0.8088                        
8.81                          880.7304                      0.8089761                     
8.82                          881.9886                      0.8105779                     
8.83                          882.6597                      0.8114669                     
8.84                          883.9179                      0.8124649                     
8.85                          884.6728                      0.8129178                     
8.86                          885.7633                      0.8142093                     
8.87                          886.7699                      0.8149222                     
8.88                          888.0281                      0.8160208                     
8.89                          888.783                       0.8167756                     
8.9                           890.1251                      0.817933                      
8.91                          891.2156                      0.8188219                     
8.92                          891.8027                      0.8196354                     
8.93                          892.9771                      0.8206166                     
8.94                          893.4803                      0.8215559                     
8.95                          895.0742                      0.8223358                     
8.96                          895.9129                      0.8233339                     
8.97                          896.8356                      0.8240383                     
8.98                          898.0938                      0.8248015                     
8.99                          898.9327                      0.8262272                     
9                             899.8553                      0.8270156                     
9.01                          900.6102                      0.8272588                     
9.02                          901.8685                      0.8289612                     
9.03                          903.0428                      0.8296405                     
9.04                          904.2172                      0.8302611                     
9.05                          905.056                       0.831452                      
9.06                          905.9786                      0.8323746                     
9.07                          906.9852                      0.8332216                     
9.08                          908.0757                      0.8342867                     
9.09                          908.9984                      0.8349409                     
9.1                           910.005                       0.8358214                     
9.11                          911.0115                      0.8372303                     
9.12                          912.1859                      0.8379683                     
9.13                          913.1924                      0.8384799                     
9.14                          914.1151                      0.8398302                     
9.15                          915.1217                      0.8405431                     
9.16                          916.0444                      0.8417256                     
9.17                          917.2188                      0.8421617                     
9.18                          917.6382                      0.8436041                     
9.19                          918.8124                      0.8443002                     
9.2                           919.9868                      0.8449879                     
9.21                          921.0773                      0.8454491                     
9.22                          921.6644                      0.8470761                     
9.23                          923.3421                      0.8477471                     
9.24                          924.2648                      0.8489296                     
9.25                          924.8519                      0.849525                      
9.26                          926.278                       0.850674                      
9.27                          927.2006                      0.8517307                     
9.28                          927.7039                      0.8526532                     
9.29                          929.1299                      0.8531312                     
9.3                           929.8848                      0.8546073                     
9.31                          931.0591                      0.8552362                     
9.32                          931.9818                      0.8559743                     
9.33                          932.6528                      0.8569807                     
9.34                          933.9111                      0.8580877                     
9.35                          934.7499                      0.8588928                     
9.36                          935.7565                      0.8595554                     
9.37                          937.2664                      0.860545                      
9.38                          938.189                       0.8615513                     
9.39                          939.1117                      0.8624906                     
9.4                           939.9505                      0.8633377                     
9.41                          940.9571                      0.8640673                     
9.42                          941.9637                      0.8652834                     
9.43                          942.9703                      0.8662394                     
9.44                          944.1447                      0.8669439                     
9.45                          944.8995                      0.8678916                     
9.46                          945.99                        0.8689986                     
9.47                          946.9966                      0.869745                      
9.48                          947.8354                      0.8707178                     
9.49                          949.0936                      0.8714559                     
9.5                           949.7646                      0.8725293                     
9.51                          950.7712                      0.8733596                     
9.52                          952.1972                      0.8745421                     
9.53                          952.9521                      0.8750789                     
9.54                          954.2104                      0.8764961                     
9.55                          955.2169                      0.8768148                     
9.56                          955.7202                      0.8782154                     
9.57                          956.9785                      0.8788192                     
9.58                          957.8172                      0.8799095                     
9.59                          958.5722                      0.8808153                     
9.6                           959.9142                      0.8817294                     
9.61                          961.0886                      0.8820313                     
9.62                          961.9274                      0.8837589                     
9.63                          963.1017                      0.8844466                     
9.64                          964.1922                      0.8851091                     
9.65                          964.7794                      0.8862749                     
9.66                          966.3731                      0.8871723                     
9.67                          966.9603                      0.8878012                     
9.68                          968.1346                      0.8890676                     
9.69                          968.7217                      0.8896379                     
9.7                           970.3155                      0.8909042                     
9.71                          971.0705                      0.8918436                     
9.72                          972.3287                      0.8927158                     
9.73                          972.9158                      0.8930764                     
9.74                          974.0901                      0.8945944                     
9.75                          975.0128                      0.8952234                     
9.76                          975.4323                      0.8962968                     
9.77                          976.6066                      0.8968587                     
9.78                          978.2004                      0.8980664                     
9.79                          979.207                       0.898905                      
9.8                           979.7103                      0.8996179                     
9.81                          980.9684                      0.900532                      
9.82                          981.7233                      0.9014965                     
9.83                          982.8138                      0.902419                      
9.84                          984.0721                      0.903459                      
9.85                          985.3303                      0.904306                      
9.86                          985.9174                      0.9050943                     
9.87                          987.4273                      0.9063523                     
9.88                          988.1822                      0.9073419                     
9.89                          988.9371                      0.9078535                     
9.9                           990.1115                      0.908776                      
9.91                          990.8664                      0.9099585                     
9.92                          991.9568                      0.9109146                     
9.93                          992.8795                      0.9117281                     
9.94                          994.0539                      0.9123738                     
9.95                          995.0605                      0.9134389                     
9.96                          995.7315                      0.9142105                     
9.97                          996.6542                      0.9155523                     
9.98                          998.2479                      0.9161142                     
9.99                          998.6674                      0.9170367                     
10                            1000.009                      0.9180599                     
