14.30967
13.93952
13.7383
13.40787
13.053
12.82659
12.57799
12.24204
11.98282
11.73057
11.46109
11.17215
10.94355
10.70407
10.47097
10.19218
9.961462
9.755005
9.507323
9.263908
9.036382
8.813143
8.600397
8.380929
8.179137
7.951734
7.706332
7.558493
7.371619
7.166713
6.997966
6.822901
6.607483
6.431811
6.249254
6.085821
5.929615
5.761094
5.617183
5.436656
5.298178
5.135155
4.989071
4.805851
4.659036
4.529645
4.401978
4.268759
4.121778
3.978517
3.866447
3.715924
3.593212
3.461135
3.348934
3.229505
3.110407
3.00412
2.886861
2.776567
2.682307
2.56392
2.468594
2.362556
2.260055
2.175675
2.072088
1.977108
1.891343
1.78731
1.706632
1.623686
1.542667
1.465395
1.382003
1.305331
1.230882
1.156412
1.07904
1.001866
0.94202
0.884013
0.811659
0.751413
0.685714
0.624955
0.56707
0.504806
0.453921
0.393976
0.341209
0.29378
0.241615
0.196737
0.14653
0.099058
0.06139
0.023045
-0.015361
-0.060652
-0.095165
-0.131981
-0.164789
-0.201883
-0.232612
-0.263399
-0.295491
-0.321401
-0.348545
-0.373512
-0.401779
-0.423376
-0.444761
-0.469739
-0.487932
-0.512209
-0.532642
-0.549868
-0.570106
-0.587991
-0.60551
-0.62111
-0.639633
-0.652584
-0.672931
-0.68349
-0.70131
-0.71229
-0.726633
-0.737579
-0.748748
-0.757161
-0.770367
-0.776155
-0.784297
-0.791086
-0.79655
-0.799361
-0.80503
-0.808278
-0.810484
-0.810675
-0.813038
-0.812717
-0.811317
-0.809473
-0.805163
-0.804984
-0.799508
-0.794802
-0.78804
-0.785403
-0.775964
-0.768007
-0.762112
-0.760391
-0.746594
-0.735693
-0.728432
-0.715763
-0.705234
-0.69419
-0.687291
-0.672111
-0.660356
-0.64086
-0.631588
-0.616035
-0.601101
-0.588653
-0.568722
-0.559106
-0.541257
-0.523445
-0.506942
-0.493336
-0.47158
-0.458118
-0.443129
-0.422365
-0.412782
-0.406806
-0.364642
-0.360361
-0.361891
-0.308957
-0.301799
-0.286142
-0.244377
-0.246747
-0.218377
-0.199114
-0.176676
-0.158515
-0.133169
-0.103122
-0.089345
-0.071895
0.022075
0.012124
