1.569633
1.640497
1.55768
1.552231
1.546059
1.540542
1.535406
1.530155
1.523909
1.518317
1.511107
1.506433
1.502335
1.495389
1.490128
1.484657
1.478529
1.47319
1.467685
1.462303
1.457461
1.450942
1.446023
1.440656
1.435659
1.430508
1.424654
1.419966
1.414468
1.409936
1.404507
1.399407
1.395567
1.390052
1.384646
1.380051
1.374769
1.370393
1.365664
1.360387
1.356411
1.351932
1.347217
1.342299
1.337809
1.332855
1.328437
1.323213
1.319573
1.315361
1.31102
1.306594
1.302274
1.298259
1.2936
1.289656
1.285391
1.281217
1.277248
1.273114
1.269163
1.264941
1.260961
1.257116
1.252962
1.249193
1.245342
1.241572
1.237879
1.233821
1.229859
1.22622
1.222658
1.218946
1.215369
1.211703
1.208332
1.204795
1.201139
1.19762
1.194241
1.190701
1.187356
1.184065
1.180746
1.177407
1.173917
1.170925
1.167839
1.16442
1.16122
1.158134
1.155057
1.152064
1.14901
1.145939
1.14308
1.140165
1.137245
1.134352
1.131535
1.128556
1.125887
1.123127
1.120367
1.117706
1.115071
1.112406
1.109851
1.107293
1.104871
1.102399
1.099967
1.097612
1.095256
1.092953
1.090741
1.088495
1.08633
1.084263
1.082098
1.080111
1.078089
1.076174
1.074199
1.072289
1.070418
1.068568
1.06675
1.064976
1.063231
1.061442
1.059744
1.058139
1.056403
1.054692
1.053111
1.051494
1.049922
1.048365
1.046852
1.045315
1.043769
1.042428
1.04089
1.039473
1.038082
1.036709
1.035353
1.034051
1.032755
1.031455
1.030221
1.028999
1.027767
1.026546
1.025433
1.024319
1.023193
1.022105
1.021086
1.020024
1.019071
1.018097
1.017176
1.016213
1.015326
1.014457
1.013641
1.012781
1.011979
1.011243
1.010468
1.009748
1.008997
1.008396
1.007809
1.007154
1.006466
1.006015
1.005179
1.005331
1.004348
1.003819
1.003846
1.003085
1.002743
1.002536
1.001466
1.001744
1.001545
1.001385
1.001171
1.000824
1.000681
1.000633
1.0005
1.0002
1.000022
1.0001
