995000
985000
975000
965000
955000
945000
935000
925000
915000
905000
895000
885000
875000
865000
855000
845000
835000
825000
815000
805000
795000
785000
775000
765000
755000
745000
735000
725000
715000
705000
695000
685000
675000
665000
655000
645000
635000
625000
615000
605000
595000
585000
575000
565000
555000
545000
535000
525000
515000
505000
495000
485000
475000
465000
455000
445000
435000
425000
415000
405000
395000
385000
375000
365000
355000
345000
335000
325000
315000
305000
295000
285000
275000
265000
255000
245000
235000
225000
215000
205000
195000
185000
175000
165000
155000
145000
135000
125000
115000
105000
95000
85000
75000
65000
55000
45000
35000
25000
15000
5000
