24.13938
24.19022
23.98258
23.79668
23.899561
24.001881
23.928789
24.025181
23.910431
23.937241
23.82242
23.81765
23.87356
23.73378
23.720209
23.694889
23.744591
23.6803
23.784069
23.67597
23.632059
23.64749
23.672319
23.399469
23.408039
23.414419
23.28834
23.34918
23.423019
23.324921
23.301201
23.183491
23.0823
23.035959
23.151911
23.009411
23.00935
22.810749
22.737881
22.802389
22.744169
22.621401
22.65164
22.542789
22.52725
22.43293
22.271761
22.28409
22.172569
22.204321
22.153099
22.10808
21.889219
21.920071
21.786921
21.758221
21.69235
21.60243
21.537109
21.49588
21.388969
21.319321
21.23922
21.128151
21.086531
21.05798
20.935011
20.87158
20.75812
20.70653
20.60392
20.512819
20.436991
20.334829
20.296539
20.20302
20.08989
20.045389
19.935699
19.80208
19.7589
19.64992
19.58219
19.48387
19.37698
19.316429
19.187031
19.046021
18.985149
18.878771
18.787109
18.700689
18.63011
18.497561
18.431259
18.286209
18.20607
18.059759
17.972349
17.84417
17.709629
17.5879
17.444731
17.329201
17.22735
17.0804
16.89695
16.7479
16.623751
16.44076
16.27899
16.146589
16.03854
15.85414
15.68964
15.57069
15.37629
15.26595
15.0923
14.91424
14.77128
14.61454
14.42289
14.29054
14.08157
13.94342
13.71622
13.57034
13.37891
13.22363
13.00927
12.81749
12.64517
12.45625
12.28874
12.08161
11.90531
11.71024
11.53692
11.33954
11.16448
10.97667
10.77785
10.59102
10.43764
10.24945
10.04332
9.869848
9.698547
9.499509
9.310822
9.135535
8.947766
8.765957
8.589571
8.415517
8.228848
8.054323
7.856427
7.68037
7.491454
7.305357
7.108397
6.945852
6.758254
6.572695
6.389355
6.202067
6.017036
5.833624
5.665956
5.445731
5.267982
5.093436
4.883247
4.70222
4.536812
4.328291
4.148507
3.953433
3.719134
3.672217
3.421073
3.202546
3.058907
2.846878
2.682837
2.48302
2.207742
2.156755
1.861489
1.693361
1.520038
1.319674
1.089659
0.933578
0.740272
0.553163
0.411956
0.209461
