0.728013
0.729863
0.732169
0.736556
0.735529
0.736451
0.741937
0.740605
0.742123
0.744083
0.747735
0.746127
0.752516
0.753613
0.754568
0.754739
0.758488
0.760322
0.758128
0.762873
0.764839
0.766641
0.768455
0.77128
0.774906
0.776429
0.775684
0.778117
0.78074
0.783098
0.784191
0.786134
0.789389
0.789793
0.792849
0.793771
0.796433
0.798778
0.800265
0.801282
0.803604
0.805346
0.807185
0.809729
0.812
0.812734
0.817054
0.818449
0.81842
0.82021
0.822369
0.825344
0.827932
0.829973
0.82949
0.833028
0.834913
0.837179
0.838547
0.840853
0.843497
0.844632
0.84717
0.848581
0.850424
0.851928
0.854006
0.856079
0.856838
0.860064
0.860962
0.864201
0.865064
0.86622
0.868873
0.871081
0.872593
0.875581
0.876734
0.878245
0.880586
0.881908
0.884043
0.886328
0.887829
0.889942
0.891782
0.892894
0.894845
0.897243
0.898883
0.900602
0.902805
0.904059
0.905308
0.90753
0.909125
0.910707
0.911825
0.913626
0.915041
0.91586
0.917471
0.918847
0.920474
0.920944
0.922228
0.92338
0.924617
0.925852
0.926794
0.927644
0.930314
0.931055
0.932652
0.933778
0.935494
0.936791
0.937998
0.939255
0.941168
0.94265
0.94338
0.945026
0.946965
0.947848
0.949766
0.95073
0.951814
0.95282
0.954282
0.955217
0.956071
0.95746
0.958319
0.959342
0.960391
0.961297
0.962253
0.963223
0.964296
0.965122
0.966684
0.966788
0.968136
0.969213
0.969988
0.970822
0.971693
0.972583
0.973505
0.974465
0.975184
0.976592
0.97749
0.977926
0.978947
0.979783
0.980585
0.981305
0.982382
0.98285
0.983443
0.984473
0.985046
0.986001
0.986261
0.987325
0.988262
0.988553
0.989089
0.98969
0.990319
0.990776
0.991589
0.992093
0.992586
0.993304
0.993847
0.994013
0.993117
0.994369
0.993447
0.994395
0.995357
0.996504
0.995665
0.996539
0.996807
0.996982
0.996853
0.997557
0.997927
0.998627
0.998325
0.998594
0.998184
0.998405
0.998823
0.998909
