1000000
988553.125
977237.3125
966050.875
954992.625
944060.875
933254.3125
922571.375
912010.8125
901571.125
891250.875
881048.875
870963.625
860993.8125
851138.125
841395.125
831763.8125
822242.625
812830.5
803526.125
794328.3125
785235.625
776247.125
767361.5
758577.625
749894.1875
741310.3125
732824.625
724435.875
716143.375
707945.8125
699842
691831
683911.625
676083
668343.875
660693.375
653130.625
645654.3125
638263.5
630957.375
623734.8125
616595
609536.875
602559.625
595662.125
588843.6875
582103.3125
575439.875
568852.875
562341.3125
555904.3125
549540.875
543250.3125
537031.8125
530884.375
524807.375
518800
512861.40625
506990.6875
501187.3125
495450.1875
489778.8125
484172.40625
478630.09375
473151.3125
467735.1875
462381
457088.1875
451855.90625
446683.59375
441570.5
436515.8125
431519.09375
426579.5
421696.5
416869.40625
412097.5
407380.3125
402717
398107.1875
393550.09375
389045.1875
384591.8125
380189.40625
375837.40625
371535.3125
367282.3125
363078.09375
358921.90625
354813.40625
350751.90625
346736.8125
342767.8125
338844.1875
334965.40625
331131.09375
327340.6875
323593.6875
319889.5
316227.8125
312607.90625
309029.59375
305492.09375
301995.1875
298538.3125
295120.90625
291742.6875
288403.1875
285101.8125
281838.3125
278612.09375
275422.90625
272270.09375
269153.5
266072.5
263026.8125
260016
257039.59375
254097.296875
251188.703125
248313.296875
245470.90625
242661
239883.296875
237137.40625
234422.90625
231739.5
229086.796875
226464.40625
223872.09375
221309.5
218776.203125
216271.90625
213796.203125
211348.90625
208929.59375
206538
204173.796875
201836.59375
199526.203125
197242.296875
194984.5
192752.5
190546.09375
188364.90625
186208.703125
184077.203125
181970.09375
179887.09375
177828
175792.40625
173780.09375
171790.796875
169824.40625
167880.40625
165958.703125
164059
162181
160324.5
158489.296875
156675.09375
154881.703125
153108.796875
151356.09375
149623.59375
147910.796875
146217.703125
144544
142889.40625
141253.796875
139636.796875
138038.40625
136458.296875
134896.296875
133352.203125
131825.703125
130316.703125
128825
127350.296875
125892.5
124451.5
123026.898438
121618.601563
120226.398438
118850.203125
117489.796875
116144.898438
114815.398438
113501.101563
112201.898438
110917.5
109647.796875
108392.703125
107151.898438
105925.398438
104712.898438
103514.203125
102329.296875
101158
100000
98855.3125
97723.71875
96605.09375
95499.257813
94406.09375
93325.429688
92257.140625
91201.09375
90157.117188
89125.09375
88104.890625
87096.359375
86099.382813
85113.796875
84139.523438
83176.382813
82224.273438
81283.046875
80352.609375
79432.820313
78523.5625
77624.710938
76736.148438
75857.757813
74989.421875
74131.023438
73282.453125
72443.59375
71614.34375
70794.578125
69984.203125
69183.101563
68391.15625
67608.296875
66834.390625
66069.34375
65313.050781
64565.421875
63826.351563
63095.730469
62373.480469
61659.5
60953.691406
60255.960938
59566.210938
58884.371094
58210.320313
57544
56885.289063
56234.128906
55590.429688
54954.089844
54325.039063
53703.179688
53088.449219
52480.75
51880
51286.140625
50699.070313
50118.71875
49545.019531
48977.878906
48417.238281
47863.011719
47315.128906
46773.519531
46238.101563
45708.820313
45185.589844
44668.359375
44157.050781
43651.589844
43151.910156
42657.949219
42169.648438
41686.941406
41209.75
40738.03125
40271.699219
39810.71875
39355.011719
38904.519531
38459.179688
38018.941406
37583.738281
37153.519531
36728.230469
36307.800781
35892.199219
35481.339844
35075.191406
34673.691406
34276.78125
33884.421875
33496.539063
33113.109375
32734.070313
32359.369141
31988.949219
31622.779297
31260.789063
30902.960938
30549.210938
30199.519531
29853.830078
29512.089844
29174.269531
28840.320313
28510.179688
28183.830078
27861.210938
27542.289063
27227.009766
26915.349609
26607.25
26302.679688
26001.599609
25703.960938
25409.730469
25118.869141
24831.330078
24547.089844
24266.099609
23988.330078
23713.740234
23442.289063
23173.949219
22908.679688
22646.439453
22387.210938
22130.949219
21877.619141
21627.189453
21379.619141
21134.890625
20892.960938
20653.800781
20417.380859
20183.660156
19952.619141
19724.230469
19498.449219
19275.25
19054.609375
18836.490234
18620.869141
18407.720703
18197.009766
17988.710938
17782.789063
17579.240234
17378.009766
17179.080078
16982.439453
16788.039063
16595.869141
16405.900391
16218.099609
16032.450195
15848.929688
15667.509766
15488.169922
15310.879883
15135.610352
14962.360352
14791.080078
14621.769531
14454.400391
14288.94043
14125.379883
13963.679688
13803.839844
13645.830078
13489.629883
13335.209961
13182.570313
13031.669922
12882.5
12735.030273
12589.25
12445.150391
12302.69043
12161.860352
12022.639648
11885.019531
11748.980469
11614.490234
11481.540039
11350.110352
11220.19043
11091.75
10964.780273
10839.269531
10715.19043
10592.540039
10471.290039
10351.419922
10232.929688
10115.790039
10000
9885.53125
9772.37207
9660.508789
9549.925781
9440.608398
9332.542969
9225.713867
9120.108398
9015.710938
8912.509766
8810.488281
8709.635742
8609.938477
8511.380859
8413.951172
8317.637695
8222.426758
8128.305176
8035.26123
7943.282227
7852.355957
7762.471191
7673.615234
7585.775879
7498.941895
7413.103027
7328.246094
7244.359863
7161.434082
7079.458008
6998.419922
6918.310059
6839.117188
6760.830078
6683.438965
6606.935059
6531.306152
6456.541992
6382.634766
6309.574219
6237.349121
6165.950195
6095.369141
6025.596191
5956.62207
5888.437012
5821.032227
5754.398926
5688.528809
5623.413086
5559.041992
5495.40918
5432.50293
5370.317871
5308.845215
5248.075195
5188
5128.61377
5069.907227
5011.873047
