12.30481
12.26376
12.24531
12.2404
11.99227
11.64654
11.49069
11.45631
11.44392
11.33839
11.19051
11.18512
11.1377
11.04507
10.9905
10.90303
10.8258
10.73908
10.66953
10.49888
10.29701
10.27999
10.21259
10.07312
9.916212
9.831879
9.626801
9.451166
9.562799
9.46839
9.251226
9.193386
9.164867
8.999595
8.772849
8.745111
8.725057
8.654941
8.568957
8.491391
8.448413
8.380692
8.247215
8.056281
7.888304
7.896732
7.904899
7.766669
7.591791
7.501451
7.427848
7.388793
7.326004
7.206571
7.088604
7.05268
6.98115
6.866634
6.784902
6.709309
6.625491
6.537695
6.472979
6.425805
6.412169
6.355087
6.247244
6.168384
6.130624
6.051895
5.94404
5.898585
5.83349
5.744944
5.672379
5.603929
5.542308
5.466103
5.398834
5.328463
5.246167
5.19557
5.149552
5.080988
5.016478
4.957908
4.902413
4.853162
4.788824
4.72475
4.66822
4.611061
4.564521
4.508469
4.440108
4.404147
4.359672
4.286606
4.221485
4.185367
4.135758
4.075958
4.030891
3.980077
3.92991
3.890612
3.83869
3.786519
3.741839
3.7057
3.665524
3.612288
3.577428
3.540336
3.49054
3.44664
3.41678
3.380793
3.332933
3.29225
3.255032
3.206291
3.169802
3.137812
3.099101
3.083109
3.044731
2.990394
2.94706
2.925723
2.895543
2.850233
2.814644
2.789611
2.75373
2.715096
2.685247
2.650238
2.615029
2.583811
2.553957
2.528526
2.504048
2.468238
2.432219
2.415586
2.40151
2.366382
2.321843
2.311386
2.28238
2.237167
2.206099
2.185812
2.182436
2.159872
2.116426
2.089599
2.068665
2.045302
2.034123
2.019059
1.98668
1.948642
1.932639
1.914158
1.887507
1.865721
1.842522
1.829104
1.811669
1.778701
1.749491
1.735781
1.722024
1.704665
1.684639
1.671834
1.647684
1.613968
1.597448
1.590679
1.575789
1.555668
1.525872
1.498171
1.494945
1.487956
1.472989
1.463552
1.446931
1.418282
1.394847
1.390398
1.370806
1.343917
1.331078
1.318592
1.302656
1.287209
1.27677
1.269439
1.255733
1.257274
1.269899
1.265052
1.225816
1.179052
1.14409
1.141317
1.140703
1.131597
1.136489
1.134756
1.124344
1.113933
1.103629
1.113243
1.111811
1.051605
0.986872
0.971192
0.973315
0.971984
0.960022
0.955321
0.955362
0.942436
0.913535
0.884998
0.866929
0.860643
0.865265
0.882586
0.894082
0.859018
0.818694
0.818687
0.821165
0.808783
0.798834
0.795245
0.796707
0.795633
0.784002
0.790115
0.757087
0.717608
0.704093
0.70005
0.706356
0.718621
0.7177
0.69429
0.675734
0.673498
0.671212
0.648031
0.623117
0.648176
0.674928
0.648856
0.623358
0.614547
0.616184
0.620927
0.619182
0.597574
0.584867
0.577042
0.566078
0.560709
0.556728
0.552746
0.543315
0.534184
0.52452
0.521034
0.522019
0.519091
0.499089
0.494706
0.494112
0.478081
0.466847
0.464127
0.460377
0.45748
0.454436
0.451829
0.457512
0.468091
0.446497
0.404502
0.377808
0.396544
0.422966
0.422755
0.42267
0.440478
0.458486
0.408245
0.355939
0.378715
0.376653
0.379001
0.375656
0.368465
0.367893
0.365955
0.363648
0.362219
0.366695
0.369337
0.365355
0.355476
0.337328
0.321602
0.348747
0.381234
0.35578
0.315854
0.303892
0.305618
0.307237
0.312183
0.2874
0.252349
0.259065
0.286326
0.307974
0.330426
0.316595
0.271699
0.230997
0.227697
0.23957
0.250104
0.249246
0.232835
0.217601
0.211013
0.210935
0.218903
0.230641
0.238466
0.243433
0.240252
0.236851
0.233049
0.224993
0.224985
0.22895
0.231419
0.207796
0.172679
0.200385
0.233349
0.217316
0.206824
0.20729
0.205272
0.203297
0.204085
0.204373
0.210437
0.216185
0.20642
0.200027
0.19278
0.180385
0.174727
0.173697
0.171198
0.162326
0.146435
0.136128
0.16007
0.190783
0.163168
0.128203
0.157223
0.191968
0.199137
0.195097
0.176933
0.163765
0.163864
0.164354
0.15785
0.153987
0.14996
0.148395
0.14614
0.143499
0.146709
0.155448
0.158014
0.146861
0.150172
0.117771
0.06372
0.064693
0.077364
0.111797
0.16321
0.153809
0.132475
0.130437
0.122212
0.112988
0.115074
0.124559
0.12575
0.11737
0.112782
0.110018
0.095387
0.093957
0.116567
0.118933
0.099142
0.089972
0.091248
0.089644
0.091876
0.091592
0.091489
0.091216
0.08854
0.085224
0.075245
0.068653
0.05777
0.086969
0.120795
0.109945
0.098573
0.089987
0.072164
0.08656
0.113144
0.092183
0.059403
0.044434
0.024308
0.05351
0.097101
0.10028
0.096556
0.074611
0.057648
0.05204
0.057029
0.067378
0.047962
0.014692
0.008025
0.046548
0.087246
0.103256
