0.899838
0.903026
0.903189
0.906481
0.911433
0.914113
0.916824
0.918922
0.921761
0.927283
0.931572
0.930934
0.931745
0.935525
0.939569
0.940426
0.942505
0.945248
0.945432
0.946307
0.947469
0.949128
0.951517
0.953351
0.95585
0.957964
0.958257
0.958332
0.960508
0.962646
0.96202
0.963258
0.966413
0.968127
0.967984
0.96888
0.970848
0.973341
0.975347
0.975272
0.976169
0.977412
0.979052
0.981381
0.982707
0.982497
0.982299
0.983076
0.983713
0.98433
0.984988
0.985144
0.985894
0.986593
0.986961
0.987448
0.987952
0.988004
0.988256
0.98868
0.988939
0.989588
0.990602
0.991073
0.992072
0.993452
0.994378
0.994483
0.994428
0.994678
0.994991
0.995035
0.995163
0.995216
0.995279
0.995537
0.995848
0.996126
0.996312
0.996345
0.996435
0.996552
0.996648
0.996871
0.997187
0.997301
0.997272
0.997317
0.997339
0.997333
0.997388
0.997626
0.997882
0.997704
0.997483
0.997649
0.997884
0.997769
0.997767
0.997859
0.997834
0.997804
0.997937
0.998008
0.998071
0.998119
0.998053
0.99797
0.998014
0.998041
0.997984
0.997975
0.998103
0.998277
0.998252
0.99819
0.998332
0.998427
0.998463
0.998533
0.998529
0.998407
0.998243
0.998212
0.998308
0.998367
0.998385
0.998402
0.998423
0.998462
0.998498
0.998568
0.998614
0.998583
0.998583
0.998601
0.998592
0.998573
0.998552
0.998515
0.998488
0.998526
0.998564
0.998575
0.998598
0.998637
0.99863
0.998596
0.998601
0.998618
0.998616
0.998624
0.998708
0.998747
0.998719
0.998696
0.998735
0.998788
0.998804
0.998802
0.998798
0.998803
0.998766
0.998712
0.998706
0.998715
0.998732
0.998817
0.998807
0.998759
0.998777
0.998799
0.998829
0.998842
0.99882
0.998811
0.998829
0.998869
0.998917
0.998914
0.998925
0.998955
0.998953
0.998905
0.998884
0.998863
0.998867
0.998879
0.998879
0.998869
0.998832
0.998801
0.998811
0.998869
0.998865
0.998831
0.99896
0.999093
0.999012
0.998823
0.9988
0.998996
0.999354
0.999598
0.999619
0.999625
0.999561
0.999541
0.999425
0.999264
0.999136
0.998919
0.998815
0.998897
0.999328
1
1.000176
0.99976
0.99945
0.999795
1.00022
1.000225
1.000087
0.999974
0.999916
1.000012
1.000038
1.000063
0.999942
0.999892
0.999889
0.999894
0.999922
0.999852
0.999823
0.999826
1.000282
1.000941
1.001217
1.00106
1.000761
1.000502
1.000557
1.000664
0.999951
0.999124
0.999893
1.000496
1.000196
0.999865
0.999798
1.000081
1.00009
0.999989
1.000189
1.000502
1.000625
1.000282
0.999911
0.999902
0.999939
0.999891
0.999603
0.999571
0.999952
1.000019
1.000045
1.000125
1.000129
1.000065
1.000091
1.000188
1.000216
1.00022
1.000264
1.000391
1.000308
1.000186
1.000072
0.999969
1.000023
1.000092
1.000104
1.000161
1.000198
1.000212
1.000315
1.00034
1.000196
1.000227
1.000171
0.999885
0.99979
1.000159
1.000707
1.001
1.000824
1.000746
1.000483
1.000015
0.999795
0.999862
1.000149
1.000551
1.000799
1.000632
1.000484
1.00046
1.000414
1.000355
1.000347
1.000299
1.000203
1.000112
1.000118
1.000197
1.000239
1.000252
1.00022
1.000073
1.000198
1.000516
1.000415
1.000191
1.000019
1.000021
1.000098
1.000236
1.00056
1.000963
1.000508
1.000179
1.000289
1.000243
1.000203
1.000197
1.000111
1.000036
0.999949
0.999827
0.999803
0.999964
1.00023
1.000361
1.000231
1.000508
1.000849
1.000697
1.000461
1.000495
1.000608
1.000677
1.000623
1.000265
1.000031
0.999791
1.000066
1.000378
1.000399
1.000386
1.00018
1.000023
1.000126
1.000134
1.000231
1.000324
1.000352
1.000395
1.000636
1.001067
1.001386
1.00124
1.00076
1.000584
1.000337
1.000123
1.000094
1.000123
1.000146
1.000293
1.000641
1.00111
1.000636
1.000224
1.000311
1.000302
1.000293
1.000467
1.000396
1.000222
1.000232
1.000212
1.000541
1.00105
1.000867
1.000527
1.000247
1.000106
1.000458
1.000552
1.000634
1.000672
1.000622
1.000598
1.000476
1.000457
1.000516
1.000561
1.000378
1.000269
1.00026
1.000253
1.000388
1.000412
1.000374
1.000458
1.000574
1.000976
1.001338
1.000983
1.000681
1.000621
1.000571
1.000633
1.000876
1.0011
1.001064
1.000876
1.000783
1.00068
1.000523
1.000308
1.00014
1.000074
1.000034
1.000004
1.000171
1.000361
1.000419
1.000404
1.000418
1.000465
1.000394
1.0002
1.000013
0.999941
1.00033
1.000621
1.000635
1.000795
1.000969
1.001129
1.000901
1.000852
1.000707
1.000578
1.000444
1.000288
1.000412
1.000598
1.000689
