24.363649
24.186649
24.18071
24.241091
24.188169
24.03451
24.07901
24.058109
24.00202
24.0443
23.837879
24.12788
24.02655
23.75317
23.815559
23.94352
23.80962
23.764601
23.90423
23.72654
23.857229
23.671341
23.67275
23.599859
23.43174
23.52142
23.55751
23.27536
23.385799
23.29019
23.190531
23.22003
23.106939
23.17856
22.930599
23.003901
23.00078
22.845369
22.81319
22.799709
22.69594
22.675091
22.486389
22.56455
22.471769
22.43371
22.282209
22.261921
22.21777
22.157419
22.03903
21.985741
21.881889
21.886629
21.7908
21.674549
21.591
21.5296
21.509211
21.38868
21.2959
21.28533
21.18952
21.04265
21.04952
20.911819
20.81481
20.71381
20.742729
20.571569
20.457609
20.383221
20.346001
20.22834
20.17065
20.050249
19.91564
19.84866
19.740311
19.674
19.591049
19.49786
19.354309
19.295401
19.186871
19.061211
18.98711
18.895901
18.7356
18.69236
18.593769
18.500099
18.349819
18.25811
18.14102
18.05497
17.907829
17.82807
17.678181
17.551661
17.44779
17.308741
17.17697
17.033369
16.89286
16.724859
16.605261
16.44091
16.277031
16.14325
15.94878
15.75221
15.68509
15.49575
15.36352
15.22403
15.07148
14.92831
14.77051
14.60061
14.48374
14.345
14.1306
14.02969
13.8547
13.69072
13.50711
13.34172
13.15204
13.00062
12.79718
12.59272
12.43709
12.25821
12.0835
11.9089
11.71327
11.52635
11.34856
11.18852
10.99596
10.81159
10.6268
10.43914
10.26954
10.09003
9.89958
9.744919
9.545934
9.363602
9.182753
9.014162
8.846516
8.655107
8.488969
8.307495
8.10708
7.924037
7.741401
7.569967
7.382485
7.200911
7.026641
6.838016
6.659407
6.465676
6.301218
6.113327
5.920128
5.744996
5.560723
5.365346
5.188279
5.00045
4.824156
4.64222
4.451931
4.258954
4.080451
3.900415
3.675564
3.647567
3.302376
3.140021
3.049174
2.736925
2.65749
2.508991
2.193947
2.10281
1.84299
1.679639
1.489509
1.302203
1.105739
0.919221
0.74001
0.556046
0.424319
0.212952
