0.74809
0.749728
0.749558
0.755248
0.753465
0.754623
0.760169
0.762196
0.760249
0.764113
0.764594
0.765481
0.770069
0.769932
0.771672
0.775766
0.776986
0.77833
0.778277
0.780834
0.782697
0.786514
0.786524
0.788123
0.790759
0.792504
0.793314
0.795116
0.797274
0.797183
0.800564
0.80154
0.803488
0.80461
0.807163
0.809039
0.812894
0.81345
0.81419
0.818862
0.817863
0.820691
0.822539
0.824305
0.825814
0.82852
0.828786
0.832233
0.833189
0.835459
0.835345
0.839407
0.839576
0.842405
0.842799
0.845367
0.847343
0.848861
0.850663
0.852122
0.855087
0.856021
0.858361
0.860263
0.861517
0.862783
0.864424
0.867219
0.86839
0.869293
0.871867
0.872777
0.875019
0.876165
0.878749
0.880871
0.882807
0.883585
0.885807
0.887187
0.889125
0.891654
0.892915
0.894207
0.89615
0.897087
0.899929
0.900401
0.902619
0.904099
0.905571
0.907486
0.909101
0.910802
0.912049
0.913404
0.914255
0.915927
0.91748
0.918625
0.919674
0.9212
0.922313
0.923179
0.923697
0.925326
0.927243
0.928274
0.929046
0.930679
0.931957
0.933035
0.933675
0.93532
0.936771
0.937395
0.939611
0.9401
0.942144
0.943774
0.944852
0.946269
0.94711
0.948302
0.950324
0.950739
0.95304
0.953939
0.954808
0.955868
0.957274
0.957919
0.959028
0.960159
0.961154
0.962046
0.963204
0.963803
0.964878
0.965676
0.96672
0.967764
0.968635
0.969078
0.970262
0.971303
0.972002
0.972993
0.973743
0.974651
0.975405
0.976325
0.977135
0.977767
0.978255
0.979763
0.980513
0.981051
0.982117
0.982818
0.983527
0.984388
0.984895
0.985652
0.986395
0.986917
0.987868
0.988465
0.988939
0.989519
0.990158
0.990556
0.991025
0.991698
0.992267
0.992957
0.993388
0.993898
0.994302
0.994784
0.993127
0.994423
0.995252
0.995063
0.995621
0.995784
0.995983
0.996279
0.997502
0.997621
0.996803
0.99812
0.997614
0.99795
0.998495
0.999239
0.999102
0.998891
0.999058
0.999157
