-13.1342
-12.95479
-12.8736
-12.87764
-12.80735
-12.68879
-12.58587
-12.60761
-12.59428
-12.47384
-12.4161
-12.35921
-12.32032
-12.27814
-12.22047
-12.07109
-11.94827
-12.01284
-11.94303
-11.87608
-11.85546
-11.7772
-11.74551
-11.6669
-11.55719
-11.55228
-11.55076
-11.39467
-11.21716
-11.19832
-11.19593
-11.14509
-11.04575
-10.9454
-10.91397
-10.87816
-10.83001
-10.77475
-10.72946
-10.71273
-10.62939
-10.55176
-10.53424
-10.47032
-10.39124
-10.30387
-10.22462
-10.18132
-10.10981
-10.07784
-10.05982
-9.926336
-9.775093
-9.779046
-9.694732
-9.608592
-9.61099
-9.531299
-9.415476
-9.382853
-9.303164
-9.198171
-9.176177
-9.110808
-9.024431
-9.038497
-8.9247
-8.757085
-8.717488
-8.710814
-8.679042
-8.586672
-8.462907
-8.36661
-8.292366
-8.226622
-8.156958
-8.151039
-8.055746
-7.91785
-7.837918
-7.77548
-7.698425
-7.621282
-7.581012
-7.499914
-7.377543
-7.291015
-7.208623
-7.15063
-7.071847
-6.975435
-6.89419
-6.803314
-6.716982
-6.63201
-6.535306
-6.464303
-6.373323
-6.261153
-6.205749
-6.129922
-6.002448
-5.926109
-5.897913
-5.807421
-5.685292
-5.606837
-5.541003
-5.459508
-5.375631
-5.34033
-5.289656
-5.211481
-5.147921
-5.094206
-5.041781
-4.990224
-4.94814
-4.912405
-4.873346
-4.834899
-4.809577
-4.772247
-4.723533
-4.686718
-4.643971
-4.608189
-4.585647
-4.571769
-4.544377
-4.511277
-4.501161
-4.490655
-4.467012
-4.447416
-4.438597
-4.430197
-4.403281
-4.373386
-4.36295
-4.346445
-4.318628
-4.282513
-4.246782
-4.223286
-4.197807
-4.17508
-4.138408
-4.087557
-4.035557
-3.982872
-3.929128
-3.872266
-3.844832
-3.791945
-3.714888
-3.651231
-3.58049
-3.535499
-3.478453
-3.397601
-3.330503
-3.274945
-3.198168
-3.132706
-3.084854
-3.028107
-2.940302
-2.824268
-2.734493
-2.681898
-2.632931
-2.561997
-2.445265
-2.33426
-2.254591
-2.183096
-2.085333
-1.9972
-1.947274
-1.901187
-1.792553
-1.697395
-1.624615
-1.537367
-1.434318
-1.331758
-1.229196
-1.110665
-1.00473
-0.90695
-0.773207
-0.672484
-0.614766
-0.54729
-0.432915
-0.306482
-0.182964
-0.103044
