1.130346
1.127792
1.127615
1.127826
1.127957
1.128727
1.129049
1.129314
1.128169
1.124237
1.120383
1.124036
1.128923
1.129357
1.129818
1.129959
1.130546
1.130182
1.129553
1.129223
1.128634
1.127639
1.126913
1.128423
1.130504
1.128759
1.125857
1.125362
1.125304
1.124635
1.124518
1.124367
1.123524
1.123576
1.123737
1.121492
1.119292
1.12051
1.121226
1.119921
1.118832
1.119218
1.118623
1.117023
1.113888
1.111011
1.110832
1.111409
1.111551
1.110847
1.10992
1.108602
1.107204
1.1076
1.106699
1.104885
1.103693
1.103627
1.103432
1.102949
1.102853
1.101164
1.09954
1.100184
1.099463
1.098364
1.098158
1.097884
1.097119
1.095854
1.094635
1.093498
1.09261
1.09208
1.090824
1.088773
1.087484
1.08803
1.087071
1.085469
1.085061
1.084126
1.082426
1.081378
1.080451
1.079602
1.07909
1.078516
1.077928
1.076986
1.075831
1.075177
1.07402
1.072485
1.07135
1.070434
1.069785
1.069214
1.068028
1.066678
1.066005
1.065271
1.063779
1.062815
1.06314
1.061947
1.059613
1.058131
1.057331
1.056285
1.054989
1.053881
1.052931
1.051851
1.050879
1.049961
1.048755
1.047692
1.046818
1.045891
1.044824
1.043852
1.042811
1.04148
1.040531
1.039424
1.038181
1.037176
1.036218
1.035107
1.034025
1.032871
1.031872
1.030899
1.029683
1.028677
1.027807
1.026706
1.025632
1.025075
1.024128
1.02293
1.022268
1.021424
1.020205
1.019246
1.018632
1.017873
1.016856
1.016046
1.015378
1.014457
1.013729
1.013654
1.012929
1.011927
1.011214
1.010361
1.009773
1.009437
1.008751
1.008002
1.007657
1.007235
1.006428
1.005453
1.004869
1.004256
1.003783
1.003576
1.003168
1.002551
1.002005
1.001818
1.001527
1.001074
1.000608
1.000325
0.99999
0.999646
0.999626
0.999693
0.999475
0.998645
0.997887
0.997676
0.997709
0.997252
0.996735
0.99664
0.996421
0.996296
0.996374
0.996451
0.996964
0.997097
0.997366
0.997675
0.997837
0.997752
