63.538422
63.1548
63.033371
62.964729
62.607288
62.488621
62.231541
61.96106
62.052818
61.533119
61.496639
61.461071
61.156849
61.062931
60.7104
60.61692
60.419392
60.250721
59.864471
59.89917
59.811489
59.424431
59.171169
59.109829
58.807659
58.662022
58.388439
58.33765
58.09491
57.72205
57.64817
57.318459
57.175369
57.034859
56.81461
56.50782
56.200581
56.174969
55.840481
55.533619
55.4771
55.020611
55.139069
54.7589
54.548649
54.35276
53.905258
53.877071
53.620941
53.36533
53.229328
52.78252
52.81213
52.242989
52.10873
51.906029
51.672642
51.37006
51.096951
50.913448
50.497002
50.455101
50.164108
49.854839
49.621841
49.347019
49.12138
48.85186
48.657631
48.371109
48.027828
47.84206
47.562981
47.274109
46.932461
46.677181
46.29628
46.14912
45.828129
45.622089
45.241489
45.02795
44.703571
44.42424
44.14254
43.933811
43.577969
43.255482
42.989029
42.667309
42.405128
42.093182
41.820259
41.51112
41.259159
40.872639
40.593639
40.259701
39.914551
39.659672
39.255829
38.99588
38.67675
38.342731
38.0919
37.8297
37.436218
37.182331
36.819092
36.479179
36.174
35.89785
35.398491
35.115421
34.783779
34.47271
34.06255
33.677059
33.3643
32.98275
32.694191
32.320911
31.932039
31.64323
31.227501
30.90184
30.578609
30.202459
29.81502
29.463551
29.074089
28.7521
28.30654
27.94088
27.586861
27.18824
26.816219
26.465059
26.053049
25.63718
25.28466
24.86993
24.475189
24.14703
23.72525
23.34181
22.92157
22.553341
22.132429
21.74538
21.32374
20.94857
20.522869
20.10623
19.71583
19.322769
18.9111
18.512831
18.087839
17.68034
17.25882
16.837761
16.434629
16.00588
15.58566
15.1714
14.73952
14.32763
13.90357
13.48112
13.05361
12.62259
12.20543
11.78043
11.35063
10.90077
10.48081
10.04777
9.611197
9.181588
8.746317
8.756931
7.882551
7.493878
7.147097
6.539975
6.292725
5.84097
5.282664
4.930037
4.377632
3.910912
3.52922
3.092727
2.609733
2.171814
1.761547
1.317216
0.883116
0.438881
