0.5641
0.56759
0.569794
0.573362
0.576663
0.578305
0.579952
0.584153
0.585373
0.589299
0.593322
0.592491
0.592592
0.596153
0.601952
0.602728
0.605159
0.60708
0.608973
0.612292
0.616929
0.617217
0.619166
0.621993
0.625713
0.62663
0.633629
0.633025
0.63578
0.638663
0.640153
0.642623
0.643976
0.647227
0.652558
0.654066
0.65643
0.658335
0.65904
0.663135
0.665958
0.669926
0.670186
0.675214
0.676046
0.680994
0.682347
0.684153
0.688292
0.688443
0.69119
0.694404
0.697502
0.700887
0.703542
0.706328
0.707489
0.710816
0.71313
0.715935
0.717278
0.721119
0.723019
0.727187
0.73096
0.731296
0.735854
0.739026
0.7411
0.743252
0.74524
0.748424
0.749445
0.754325
0.756715
0.758112
0.762074
0.766038
0.766961
0.771137
0.772864
0.776881
0.777815
0.781324
0.784039
0.786005
0.788452
0.792217
0.794875
0.796117
0.800303
0.802066
0.80453
0.808359
0.811463
0.813465
0.816181
0.819662
0.82217
0.824323
0.828001
0.83019
0.833293
0.835777
0.840061
0.843529
0.846854
0.849044
0.851428
0.85505
0.855981
0.859376
0.86117
0.863943
0.86667
0.867972
0.871491
0.874175
0.876204
0.878133
0.88133
0.88315
0.887115
0.8875
0.891436
0.894021
0.894606
0.897519
0.900431
0.903012
0.904507
0.907392
0.909364
0.912035
0.914213
0.91617
0.918591
0.920765
0.923235
0.924944
0.92741
0.929636
0.931693
0.933185
0.935605
0.937701
0.940053
0.9416
0.943971
0.94561
0.947809
0.949322
0.951148
0.95284
0.954657
0.956754
0.958368
0.960149
0.961505
0.963449
0.965025
0.966712
0.968153
0.969702
0.971116
0.972577
0.973881
0.975401
0.977137
0.97801
0.979516
0.980667
0.981926
0.982978
0.984278
0.98535
0.986641
0.987449
0.988148
0.989293
0.990422
0.989712
0.990963
0.991601
0.992664
0.993194
0.994138
0.995583
0.99516
0.996091
0.996846
0.99701
0.997673
0.998693
0.998909
0.999032
0.999151
0.99917
0.999487
0.99908
