                       Time(s)                         E(mV)                         I(mA)
                      0.010000                   -997.723450                     -5.245421
                      0.020000                   -996.045349                     -5.010738
                      0.030000                   -993.947693                     -4.961776
                      0.040000                   -991.682251                     -4.928009
                      0.050000                   -989.752441                     -4.899306
                      0.060000                   -987.990417                     -5.074349
                      0.070000                   -985.641052                     -4.800336
                      0.080000                   -983.879028                     -4.896254
                      0.090000                   -981.697510                     -4.842570
                      0.100000                   -979.935486                     -4.868352
                      0.110000                   -978.005676                     -4.946120
                      0.120000                   -975.656372                     -4.801778
                      0.130000                   -973.978271                     -4.739869
                      0.140000                   -971.880615                     -4.706879
                      0.150000                   -969.866882                     -4.946629
                      0.160000                   -967.769287                     -4.942389
                      0.170000                   -966.007263                     -4.839263
                      0.180000                   -963.657898                     -4.812040
                      0.190000                   -961.811951                     -4.663457
                      0.200000                   -959.798279                     -4.709678
                      0.210000                   -957.784485                     -4.658539
                      0.220000                   -955.938599                     -4.624955
                      0.230000                   -953.757080                     -4.610198
                      0.240000                   -951.995056                     -4.587724
                      0.250000                   -949.897400                     -4.594509
                      0.260000                   -947.883728                     -4.307436
                      0.270000                   -946.037842                     -4.310320
                      0.280000                   -943.940186                     -4.356200
                      0.290000                   -941.926453                     -4.364511
                      0.300000                   -939.661011                     -4.595781
                      0.310000                   -937.731201                     -4.543455
                      0.320000                   -935.717407                     -4.559314
                      0.330000                   -933.871521                     -4.562452
                      0.340000                   -931.606079                     -4.427014
                      0.350000                   -929.844116                     -4.489263
                      0.360000                   -927.662537                     -4.452202
                      0.370000                   -925.732788                     -4.399452
                      0.380000                   -923.886780                     -4.405304
                      0.390000                   -921.873108                     -4.408611
                      0.400000                   -919.691589                     -4.333557
                      0.410000                   -917.593933                     -4.334066
                      0.420000                   -915.831909                     -4.386562
                      0.430000                   -913.482544                     -4.543200
                      0.440000                   -913.146973                     -4.722992
                      0.450000                   -909.622925                     -4.428881
                      0.460000                   -907.777039                     -4.410053
                      0.470000                   -905.679382                     -4.363664
                      0.480000                   -903.581787                     -4.374688
                      0.490000                   -901.735840                     -4.188112
                      0.500000                   -899.973816                     -3.465724
                      0.510000                   -898.127930                     -3.826409
                      0.520000                   -895.694702                     -3.733291
                      0.530000                   -893.848755                     -3.535859
                      0.540000                   -891.751160                     -3.213846
                      0.550000                   -889.821289                     -3.182298
                      0.560000                   -888.059265                     -2.966124
                      0.570000                   -885.961731                     -2.916851
                      0.580000                   -883.360596                     -3.444437
                      0.590000                   -881.682495                     -3.675622
                      0.600000                   -880.004395                     -3.014973
                      0.610000                   -877.738953                     -2.964597
                      0.620000                   -875.893066                     -2.955438
                      0.630000                   -873.543701                     -3.789857
                      0.640000                   -871.781738                     -2.904723
                      0.650000                   -869.767944                     -3.019892
                      0.660000                   -867.838196                     -2.876482
                      0.670000                   -865.572754                     -2.871055
                      0.680000                   -863.894653                     -2.873005
                      0.690000                   -861.796997                     -2.856468
                      0.700000                   -859.699341                     -2.857570
                      0.710000                   -857.685669                     -3.277282
                      0.720000                   -855.755798                     -3.240815
                      0.730000                   -853.909912                     -2.812538
                      0.740000                   -851.812256                     -2.800071
                      0.750000                   -849.714661                     -2.830602
                      0.760000                   -847.617004                     -2.861980
                      0.770000                   -845.687134                     -2.828651
                      0.780000                   -843.673462                     -2.989106
                      0.790000                   -841.575806                     -3.356577
                      0.800000                   -839.981567                     -3.497866
                      0.810000                   -837.212769                     -3.823356
                      0.820000                   -835.534668                     -3.269310
                      0.830000                   -833.437012                     -3.710393
                      0.840000                   -831.842834                     -2.778360
                      0.850000                   -829.829041                     -2.802276
                      0.860000                   -827.815369                     -2.759279
                      0.870000                   -825.717712                     -2.751392
                      0.880000                   -823.787903                     -2.733328
                      0.890000                   -821.942017                     -2.720352
                      0.900000                   -819.844360                     -2.750289
                      0.910000                   -817.830627                     -2.919310
                      0.920000                   -815.733032                     -2.894377
                      0.930000                   -813.803162                     -2.898023
                      0.940000                   -811.789490                     -2.866390
                      0.950000                   -809.859619                     -2.864864
                      0.960000                   -807.510315                     -3.323078
                      0.970000                   -805.916077                     -2.828821
                      0.980000                   -803.566772                     -2.821018
                      0.990000                   -801.888611                     -2.812368
                      1.000000                   -799.874939                     -2.779124
                      1.010000                   -797.777283                     -2.807873
                      1.020000                   -795.847534                     -2.797611
                      1.030000                   -793.498108                     -2.787180
                      1.040000                   -791.903992                     -2.775138
                      1.050000                   -789.974121                     -2.762417
                      1.060000                   -787.792542                     -2.723151
                      1.070000                   -785.694946                     -2.718826
                      1.080000                   -784.016846                     -2.685411
                      1.090000                   -782.003113                     -2.675913
                      1.100000                   -779.653748                     -2.651997
                      1.110000                   -777.807861                     -2.652761
                      1.120000                   -775.877991                     -2.638598
                      1.130000                   -773.864319                     -2.628506
                      1.140000                   -771.682800                     -2.617651
                      1.150000                   -769.501221                     -2.629269
                      1.160000                   -767.907043                     -2.609424
                      1.170000                   -765.809387                     -2.601622
                      1.180000                   -763.879578                     -2.593480
                      1.190000                   -761.698059                     -2.583049
                      1.200000                   -759.600464                     -2.560490
                      1.210000                   -757.586731                     -2.555995
                      1.220000                   -755.740784                     -2.563713
                      1.230000                   -753.894836                     -2.534794
                      1.240000                   -752.048950                     -2.521224
                      1.250000                   -749.699585                     -2.530044
                      1.260000                   -747.685913                     -2.603827
                      1.270000                   -745.672180                     -2.536320
                      1.280000                   -743.658386                     -2.561847
                      1.290000                   -741.728638                     -2.517239
                      1.300000                   -739.798828                     -2.482468
                      1.310000                   -737.868958                     -2.469068
                      1.320000                   -736.023071                     -2.464319
                      1.330000                   -733.925415                     -2.457025
                      1.340000                   -731.659973                     -2.449054
                      1.350000                   -729.981873                     -2.444898
                      1.360000                   -727.800293                     -2.441421
                      1.370000                   -725.618835                     -2.437435
                      1.380000                   -723.688965                     -2.433025
                      1.390000                   -721.759216                     -2.430905
                      1.400000                   -719.661560                     -2.424205
                      1.410000                   -717.899536                     -2.414367
                      1.420000                   -715.718018                     -2.416233
                      1.430000                   -713.788208                     -2.403003
                      1.440000                   -711.522766                     -2.391639
                      1.450000                   -709.760742                     -2.383328
                      1.460000                   -707.998657                     -2.383158
                      1.470000                   -705.984985                     -2.372218
                      1.480000                   -703.635681                     -2.377137
                      1.490000                   -701.705811                     -2.377391
                      1.500000                   -699.776001                     -2.370183
                      1.510000                   -697.846252                     -2.365434
                      1.520000                   -695.748596                     -2.726034
                      1.530000                   -693.734802                     -2.722727
                      1.540000                   -691.888916                     -2.729681
                      1.550000                   -689.707397                     -2.716281
                      1.560000                   -687.777588                     -2.697030
                      1.570000                   -685.763794                     -2.677355
                      1.580000                   -684.001831                     -2.668111
                      1.590000                   -681.652466                     -2.662683
                      1.600000                   -679.890503                     -2.646909
                      1.610000                   -677.625061                     -2.631474
                      1.620000                   -675.611267                     -2.621382
                      1.630000                   -673.849304                     -3.134382
                      1.640000                   -671.919495                     -2.953148
                      1.650000                   -669.905762                     -2.917614
                      1.660000                   -667.975952                     -2.634273
                      1.670000                   -665.710510                     -2.670146
                      1.680000                   -663.864624                     -2.665312
                      1.690000                   -661.431335                     -2.793032
                      1.700000                   -659.753174                     -2.684648
                      1.710000                   -657.655640                     -2.447781
                      1.720000                   -655.809631                     -2.459400
                      1.730000                   -653.795959                     -2.214307
                      1.740000                   -651.782227                     -2.323878
                      1.750000                   -649.852417                     -2.461605
                      1.760000                   -648.174316                     -2.134334
                      1.770000                   -645.741089                     -2.281559
                      1.780000                   -643.727356                     -2.102955
                      1.790000                   -641.881409                     -2.146970
                      1.800000                   -639.615967                     -2.266039
                      1.810000                   -637.518311                     -2.363737
                      1.820000                   -635.924133                     -2.080481
                      1.830000                   -633.742554                     -2.538271
                      1.840000                   -631.812805                     -2.472121
                      1.850000                   -630.218567                     -2.064707
                      1.860000                   -627.869263                     -2.240512
                      1.870000                   -625.687683                     -2.340161
                      1.880000                   -623.925720                     -2.479245
                      1.890000                   -621.911987                     -2.518935
                      1.900000                   -619.898254                     -2.519359
                      1.910000                   -617.716675                     -2.306577
                      1.920000                   -615.786865                     -2.513168
                      1.930000                   -613.689270                     -2.541833
                      1.940000                   -611.675537                     -2.324556
                      1.950000                   -609.745728                     -2.314549
                      1.960000                   -607.815857                     -2.303355
                      1.970000                   -605.634399                     -2.315228
                      1.980000                   -603.704529                     -2.314719
                      1.990000                   -601.858643                     -2.302506
                      2.000000                   -599.593201                     -2.500277
                      2.010000                   -597.663391                     -2.252131
                      2.020000                   -595.817444                     -2.413774
                      2.030000                   -593.803711                     -2.275283
                      2.040000                   -591.622192                     -2.237290
                      2.050000                   -589.608459                     -2.236442
                      2.060000                   -587.510864                     -2.239834
                      2.070000                   -585.832764                     -2.233049
                      2.080000                   -583.567322                     -2.228130
                      2.090000                   -581.805298                     -2.237968
                      2.100000                   -579.791565                     -2.244583
                      2.110000                   -577.777832                     -2.200483
                      2.120000                   -575.848022                     -2.377306
                      2.130000                   -573.666504                     -2.203367
                      2.140000                   -571.820557                     -2.181995
                      2.150000                   -569.639038                     -2.179366
                      2.160000                   -567.960938                     -2.190815
                      2.170000                   -565.779419                     -2.180808
                      2.180000                   -563.513977                     -2.163507
                      2.190000                   -561.835815                     -2.375780
                      2.200000                   -559.654297                     -2.135267
                      2.210000                   -557.808411                     -2.128567
                      2.220000                   -555.542969                     -2.308697
                      2.230000                   -553.613159                     -2.307595
                      2.240000                   -551.767212                     -2.303100
                      2.250000                   -549.417847                     -2.100495
                      2.260000                   -548.075439                     -2.131026
                      2.270000                   -545.642151                     -2.087011
                      2.280000                   -543.880127                     -2.080057
                      2.290000                   -541.614685                     -2.073527
                      2.300000                   -539.768738                     -2.067590
                      2.310000                   -537.755066                     -2.068438
                      2.320000                   -535.657410                     -2.062162
                      2.330000                   -533.727600                     -2.055802
                      2.340000                   -531.546082                     -2.048509
                      2.350000                   -530.035767                     -2.043674
                      2.360000                   -527.854248                     -2.043081
                      2.370000                   -525.756592                     -2.047661
                      2.380000                   -523.658936                     -2.039265
                      2.390000                   -521.813049                     -2.032904
                      2.400000                   -519.715393                     -2.150956
                      2.410000                   -517.953430                     -1.847176
                      2.420000                   -515.771851                     -1.889410
                      2.430000                   -513.842102                     -1.841409
                      2.440000                   -511.492706                     -1.839289
                      2.450000                   -509.730713                     -1.833098
                      2.460000                   -507.633087                     -1.832844
                      2.470000                   -505.787170                     -1.824787
                      2.480000                   -503.689545                     -1.819614
                      2.490000                   -501.843597                     -1.815373
                      2.500000                   -499.829895                     -1.807317
                      2.510000                   -497.816162                     -1.817493
                      2.520000                   -495.802460                     -1.808674
                      2.530000                   -493.872620                     -1.803670
                      2.540000                   -491.691071                     -1.797394
                      2.550000                   -489.845184                     -1.784334
                      2.560000                   -487.915344                     -1.786624
                      2.570000                   -485.733795                     -1.790440
                      2.580000                   -483.804016                     -1.777719
                      2.590000                   -481.706360                     -1.768560
                      2.600000                   -479.524841                     -2.182335
                      2.610000                   -477.595032                     -2.161981
                      2.620000                   -475.749084                     -2.157316
                      2.630000                   -473.819275                     -2.149853
                      2.640000                   -471.721649                     -2.136030
                      2.650000                   -469.875763                     -2.134334
                      2.660000                   -467.862000                     -1.757959
                      2.670000                   -465.512665                     -1.756602
                      2.680000                   -463.582825                     -1.761521
                      2.690000                   -461.736938                     -1.756008
                      2.700000                   -459.723206                     -1.751344
                      2.710000                   -457.793396                     -1.748715
                      2.720000                   -455.611847                     -1.743117
                      2.730000                   -453.849854                     -1.735146
                      2.740000                   -451.668304                     -1.734976
                      2.750000                   -449.654572                     -1.741337
                      2.760000                   -447.808685                     -1.721067
                      2.770000                   -445.627136                     -1.710212
                      2.780000                   -443.697296                     -1.699527
                      2.790000                   -442.019196                     -1.702495
                      2.800000                   -439.585968                     -1.699611
                      2.810000                   -437.823944                     -1.703173
                      2.820000                   -435.726318                     -1.711060
                      2.830000                   -433.544769                     -1.708092
                      2.840000                   -431.866669                     -1.703852
                      2.850000                   -429.852936                     -1.702749
                      2.860000                   -427.671417                     -1.695032
                      2.870000                   -425.825500                     -1.695286
                      2.880000                   -423.560059                     -2.050544
                      2.890000                   -421.546326                     -1.687653
                      2.900000                   -419.868225                     -1.682735
                      2.910000                   -417.518890                     -2.099732
                      2.920000                   -415.672974                     -1.665688
                      2.930000                   -413.659241                     -1.658904
                      2.940000                   -411.813354                     -1.656784
                      2.950000                   -409.463989                     -1.658225
                      2.960000                   -407.618073                     -1.653815
                      2.970000                   -405.856079                     -1.647285
                      2.980000                   -403.758423                     -1.653815
                      2.990000                   -401.576874                     -1.646013
                      3.000000                   -399.814880                     -1.641349
                      3.010000                   -397.801147                     -1.643723
                      3.020000                   -395.619598                     -1.639144
                      3.030000                   -393.857605                     -1.638720
                      3.040000                   -392.011719                     -1.634055
                      3.050000                   -389.578461                     -1.647116
                      3.060000                   -387.732544                     -1.625490
                      3.070000                   -385.634888                     -1.627779
                      3.080000                   -383.705078                     -1.600980
                      3.090000                   -381.859161                     -1.595637
                      3.100000                   -379.845459                     -1.591312
                      3.110000                   -377.747803                     -1.587496
                      3.120000                   -375.650177                     -1.584782
                      3.130000                   -373.804260                     -1.583595
                      3.140000                   -371.538818                     -1.574605
                      3.150000                   -369.525085                     -1.561799
                      3.160000                   -367.846985                     -1.559086
                      3.170000                   -365.917206                     -1.556626
                      3.180000                   -363.735657                     -1.562902
                      3.190000                   -361.889709                     -1.554676
                      3.200000                   -359.792114                     -1.550605
                      3.210000                   -357.694489                     -1.556541
                      3.220000                   -355.596832                     -1.542887
                      3.230000                   -353.834839                     -1.540089
                      3.240000                   -351.569397                     -1.535000
                      3.250000                   -349.807404                     -1.529233
                      3.260000                   -347.625854                     -1.527198
                      3.270000                   -345.528229                     -1.526265
                      3.280000                   -343.682281                     -1.525671
                      3.290000                   -341.416870                     -1.520837
                      3.300000                   -339.570953                     -1.515410
                      3.310000                   -337.389404                     -1.511678
                      3.320000                   -335.963013                     -1.508201
                      3.330000                   -333.613678                     -1.503197
                      3.340000                   -331.599945                     -1.501247
                      3.350000                   -329.754028                     -1.499296
                      3.360000                   -327.656433                     -1.494971
                      3.370000                   -325.558777                     -1.491240
                      3.380000                   -323.712860                     -1.487339
                      3.390000                   -321.783051                     -1.486660
                      3.400000                   -320.021057                     -1.483437
                      3.410000                   -317.671661                     -1.479536
                      3.420000                   -315.741852                     -1.478603
                      3.430000                   -313.812042                     -1.473854
                      3.440000                   -311.462708                     -1.471734
                      3.450000                   -309.868500                     -1.466306
                      3.460000                   -307.770874                     -1.463169
                      3.470000                   -305.673248                     -1.458334
                      3.480000                   -303.491699                     -1.455366
                      3.490000                   -301.729706                     -1.451465
                      3.500000                   -299.799866                     -1.449260
                      3.510000                   -297.702240                     -1.449175
                      3.520000                   -295.604614                     -1.445444
                      3.530000                   -293.674805                     -1.441712
                      3.540000                   -291.744995                     -1.438829
                      3.550000                   -289.563446                     -1.436030
                      3.560000                   -287.633636                     -1.432723
                      3.570000                   -285.619873                     -1.430602
                      3.580000                   -283.690094                     -1.427719
                      3.590000                   -281.844177                     -1.422800
                      3.600000                   -279.662628                     -1.423055
                      3.610000                   -277.816711                     -1.418051
                      3.620000                   -275.802979                     -1.414659
                      3.630000                   -273.705353                     -1.413387
                      3.640000                   -271.523834                     -1.409825
                      3.650000                   -269.761810                     -1.407111
                      3.660000                   -267.915894                     -1.406348
                      3.670000                   -265.650452                     -1.401344
                      3.680000                   -263.636719                     -1.399054
                      3.690000                   -261.790802                     -1.394899
                      3.700000                   -259.273651                     -1.391591
                      3.710000                   -257.595551                     -1.389556
                      3.720000                   -255.665741                     -1.385231
                      3.730000                   -253.652008                     -1.383195
                      3.740000                   -251.722183                     -1.377852
                      3.750000                   -249.540665                     -1.376156
                      3.760000                   -247.778641                     -1.371661
                      3.770000                   -245.681000                     -1.368608
                      3.780000                   -243.415573                     -1.366064
                      3.790000                   -241.821365                     -1.364877
                      3.800000                   -239.807648                     -1.362248
                      3.810000                   -237.626129                     -1.359449
                      3.820000                   -235.612381                     -1.355378
                      3.830000                   -233.514771                     -1.354361
                      3.840000                   -231.668854                     -1.349357
                      3.850000                   -229.655121                     -1.345541
                      3.860000                   -227.557480                     -1.344269
                      3.870000                   -225.543762                     -1.340961
                      3.880000                   -223.613953                     -1.337993
                      3.890000                   -221.600204                     -1.335449
                      3.900000                   -219.586487                     -1.332904
                      3.910000                   -217.572769                     -1.329258
                      3.920000                   -215.726852                     -1.328325
                      3.930000                   -213.713135                     -1.323576
                      3.940000                   -211.867218                     -1.321201
                      3.950000                   -209.769592                     -1.318318
                      3.960000                   -207.588058                     -1.316876
                      3.970000                   -205.658234                     -1.314586
                      3.980000                   -203.644516                     -1.310091
                      3.990000                   -201.714691                     -1.307717
                      4.000000                   -199.700958                     -1.304155
                      4.010000                   -197.603333                     -1.301695
                      4.020000                   -195.757416                     -1.298473
                      4.030000                   -193.491974                     -1.295504
                      4.040000                   -191.729965                     -1.293130
                      4.050000                   -189.716232                     -1.291518
                      4.060000                   -187.702515                     -1.289568
                      4.070000                   -185.688797                     -1.284649
                      4.080000                   -183.675064                     -1.283801
                      4.090000                   -181.745239                     -1.278967
                      4.100000                   -179.647614                     -1.278458
                      4.110000                   -177.633896                     -1.277356
                      4.120000                   -175.620163                     -1.272691
                      4.130000                   -173.690338                     -1.268451
                      4.140000                   -171.676620                     -1.267094
                      4.150000                   -169.662903                     -1.263702
                      4.160000                   -167.900879                     -1.262005
                      4.170000                   -165.719345                     -1.259461
                      4.180000                   -163.537827                     -1.256154
                      4.190000                   -161.608002                     -1.254373
                      4.200000                   -159.845993                     -1.249115
                      4.210000                   -157.748367                     -1.248606
                      4.220000                   -155.482910                     -1.245129
                      4.230000                   -153.888718                     -1.243348
                      4.240000                   -151.707184                     -1.239871
                      4.250000                   -149.693451                     -1.238090
                      4.260000                   -147.847549                     -1.234274
                      4.270000                   -145.749908                     -1.232069
                      4.280000                   -143.736191                     -1.229609
                      4.290000                   -141.554657                     -1.227998
                      4.300000                   -139.708740                     -1.224521
                      4.310000                   -137.946732                     -1.222740
                      4.320000                   -135.597382                     -1.219178
                      4.330000                   -133.919281                     -1.217058
                      4.340000                   -131.737732                     -1.214344
                      4.350000                   -129.640106                     -1.212648
                      4.360000                   -127.458580                     -1.209255
                      4.370000                   -125.612663                     -1.205693
                      4.380000                   -123.766747                     -1.202810
                      4.390000                   -121.669113                     -1.200351
                      4.400000                   -119.823204                     -1.198485
                      4.410000                   -117.725563                     -1.195516
                      4.420000                   -115.711845                     -1.192209
                      4.430000                   -113.698128                     -1.190428
                      4.440000                   -111.600487                     -1.187460
                      4.450000                   -109.586761                     -1.185764
                      4.460000                   -107.740845                     -1.184068
                      4.470000                   -105.643219                     -1.180082
                      4.480000                   -103.629494                     -1.178385
                      4.490000                   -101.615768                     -1.174739
                      4.500000                    -99.602043                     -1.172534
                      4.510000                    -97.504417                     -1.170753
                      4.520000                    -95.574600                     -1.167445
                      4.530000                    -93.644768                     -1.163459
                      4.540000                    -91.966675                     -1.161848
                      4.550000                    -89.701233                     -1.162272
                      4.560000                    -87.603600                     -1.159473
                      4.570000                    -85.925491                     -1.154724
                      4.580000                    -83.660049                     -1.153876
                      4.590000                    -81.730232                     -1.149551
                      4.600000                    -79.716515                     -1.149890
                      4.610000                    -77.534973                     -1.146074
                      4.620000                    -75.605156                     -1.142003
                      4.630000                    -73.591431                     -1.140985
                      4.640000                    -71.661606                     -1.138865
                      4.650000                    -69.731789                     -1.136999
                      4.660000                    -67.718063                     -1.134540
                      4.670000                    -65.452621                     -1.131572
                      4.680000                    -63.690613                     -1.129621
                      4.690000                    -61.676888                     -1.126144
                      4.700000                    -59.579258                     -1.123430
                      4.710000                    -57.649437                     -1.121225
                      4.720000                    -55.635715                     -1.119614
                      4.730000                    -53.538082                     -1.116985
                      4.740000                    -51.776077                     -1.115543
                      4.750000                    -49.594540                     -1.115798
                      4.760000                    -47.664719                     -1.147431
                      4.770000                    -45.567089                     -1.146667
                      4.780000                    -43.469460                     -1.141240
                      4.790000                    -41.539642                     -1.135727
                      4.800000                    -39.525917                     -1.134540
                      4.810000                    -37.680000                     -1.132081
                      4.820000                    -35.834084                     -1.127671
                      4.830000                    -33.904266                     -1.125635
                      4.840000                    -31.806633                     -1.123345
                      4.850000                    -29.709005                     -1.122582
                      4.860000                    -27.611376                     -1.120547
                      4.870000                    -25.513744                     -1.115628
                      4.880000                    -23.583923                     -1.113678
                      4.890000                    -21.486296                     -1.112914
                      4.900000                    -19.808189                     -1.109352
                      4.910000                    -17.458843                     -1.107487
                      4.920000                    -15.529024                     -1.105536
                      4.930000                    -13.431395                     -1.103077
                      4.940000                    -11.501575                     -1.099091
                      4.950000                     -9.403944                     -1.095020
                      4.960000                     -7.474124                     -1.092645
                      4.970000                     -5.879925                     -1.090016
                      4.980000                     -3.698390                     -1.088914
                      4.990000                     -1.684664                     -1.086709
                      5.000000                      0.412966                     -1.084080
                      5.010000                      2.510596                     -1.081620
                      5.020000                      4.524321                     -1.077804
                      5.030000                      6.538046                     -1.077550
                      5.040000                      8.635676                     -1.074581
                      5.050000                     10.145969                     -1.070765
                      5.060000                     12.327506                     -1.068984
                      5.070000                     14.341230                     -1.064404
                      5.080000                     16.438860                     -1.065168
                      5.090000                     18.536491                     -1.062454
                      5.100000                     20.466312                     -1.057959
                      5.110000                     22.563942                     -1.056857
                      5.120000                     24.493761                     -1.054228
                      5.130000                     26.423580                     -1.052871
                      5.140000                     28.353401                     -1.052023
                      5.150000                     30.451031                     -1.048376
                      5.160000                     32.464756                     -1.046510
                      5.170000                     34.562386                     -1.044644
                      5.180000                     36.408302                     -1.042185
                      5.190000                     38.422028                     -1.042354
                      5.200000                     40.435749                     -1.040658
                      5.210000                     42.197762                     -1.037181
                      5.220000                     44.295391                     -1.035061
                      5.230000                     46.393021                     -1.032178
                      5.240000                     48.155029                     -1.032008
                      5.250000                     50.420471                     -1.028361
                      5.260000                     52.685913                     -1.025139
                      5.270000                     54.447922                     -1.024291
                      5.280000                     56.293835                     -1.022425
                      5.290000                     58.307560                     -1.022001
                      5.300000                     60.321289                     -1.017082
                      5.310000                     62.502819                     -1.015640
                      5.320000                     64.516548                     -1.013944
                      5.330000                     66.698082                     -1.009873
                      5.340000                     68.376183                     -1.006651
                      5.350000                     70.389908                     -1.005463
                      5.360000                     72.571442                     -1.003174
                      5.370000                     74.669075                     -1.001562
                      5.380000                     76.514992                     -0.999696
                      5.390000                     78.528709                     -0.997831
                      5.400000                     80.626350                     -0.995287
                      5.410000                     82.640068                     -0.993675
                      5.420000                     84.485985                     -0.992149
                      5.430000                     86.499710                     -0.990028
                      5.440000                     88.513435                     -0.987060
                      5.450000                     90.443260                     -0.984686
                      5.460000                     92.205261                     -0.982141
                      5.470000                     94.302895                     -0.980869
                      5.480000                     96.316620                     -0.977731
                      5.490000                     98.330345                     -0.975102
                      5.500000                    100.427979                     -0.975017
                      5.510000                    102.525604                     -0.972558
                      5.520000                    104.455421                     -0.970692
                      5.530000                    106.636963                     -0.967300
                      5.540000                    108.231163                     -0.966961
                      5.550000                    110.412689                     -0.965180
                      5.560000                    112.510323                     -0.963484
                      5.570000                    114.524055                     -0.961024
                      5.580000                    116.705582                     -0.958226
                      5.590000                    118.383690                     -0.956869
                      5.600000                    120.397415                     -0.954070
                      5.610000                    122.327240                     -0.952374
                      5.620000                    124.508766                     -0.950169
                      5.630000                    126.354691                     -0.946861
                      5.640000                    128.620132                     -0.946268
                      5.650000                    130.466049                     -0.942706
                      5.660000                    132.395859                     -0.941858
                      5.670000                    134.241776                     -0.939568
                      5.680000                    136.507217                     -0.937363
                      5.690000                    138.520935                     -0.936006
                      5.700000                    140.534668                     -0.932953
                      5.710000                    142.464493                     -0.931172
                      5.720000                    144.646027                     -0.930409
                      5.730000                    145.988510                     -0.926932
                      5.740000                    148.421753                     -0.926847
                      5.750000                    150.603287                     -0.923200
                      5.760000                    152.617020                     -0.922098
                      5.770000                    154.546844                     -0.919469
                      5.780000                    156.392761                     -0.917857
                      5.790000                    158.406479                     -0.914974
                      5.800000                    160.336304                     -0.912345
                      5.810000                    162.517838                     -0.911412
                      5.820000                    164.363739                     -0.910055
                      5.830000                    166.461380                     -0.906663
                      5.840000                    168.475098                     -0.903949
                      5.850000                    170.404922                     -0.901235
                      5.860000                    172.502563                     -0.899624
                      5.870000                    174.516281                     -0.899115
                      5.880000                    176.613922                     -0.899285
                      5.890000                    178.459824                     -0.894705
                      5.900000                    180.725266                     -0.892585
                      5.910000                    182.235550                     -0.890889
                      5.920000                    184.500992                     -0.888684
                      5.930000                    186.598633                     -0.886055
                      5.940000                    188.612350                     -0.885461
                      5.950000                    190.542175                     -0.883426
                      5.960000                    192.304169                     -0.880118
                      5.970000                    194.317917                     -0.879694
                      5.980000                    196.499435                     -0.876641
                      5.990000                    198.429276                     -0.874182
                      6.000000                    200.442993                     -0.874351
                      6.010000                    202.624512                     -0.869517
                      6.020000                    204.470428                     -0.869432
                      6.030000                    206.484146                     -0.866803
                      6.040000                    208.413986                     -0.864938
                      6.050000                    210.679428                     -0.864005
                      6.060000                    212.525330                     -0.863326
                      6.070000                    214.371246                     -0.860188
                      6.080000                    216.384964                     -0.860188
                      6.090000                    218.398712                     -0.856796
                      6.100000                    220.412430                     -0.854676
                      6.110000                    222.426147                     -0.852217
                      6.120000                    224.355972                     -0.850520
                      6.130000                    226.537506                     -0.849672
                      6.140000                    228.299515                     -0.848061
                      6.150000                    230.397141                     -0.845347
                      6.160000                    232.578690                     -0.843397
                      6.170000                    234.676300                     -0.841785
                      6.180000                    236.270523                     -0.840768
                      6.190000                    238.368134                     -0.839750
                      6.200000                    240.381866                     -0.836866
                      6.210000                    242.311676                     -0.835764
                      6.220000                    244.577118                     -0.833389
                      6.230000                    246.506943                     -0.831693
                      6.240000                    248.520676                     -0.830167
                      6.250000                    250.198776                     -0.827538
                      6.260000                    252.380310                     -0.825587
                      6.270000                    254.561844                     -0.823212
                      6.280000                    256.407776                     -0.821347
                      6.290000                    258.673218                     -0.819905
                      6.300000                    260.351318                     -0.816173
                      6.310000                    262.365021                     -0.814986
                      6.320000                    264.462677                     -0.814986
                      6.330000                    266.224670                     -0.813205
                      6.340000                    268.574036                     -0.810661
                      6.350000                    270.503845                     -0.807269
                      6.360000                    272.433655                     -0.805827
                      6.370000                    274.615173                     -0.804809
                      6.380000                    276.712830                     -0.804724
                      6.390000                    278.558746                     -0.801841
                      6.400000                    280.488556                     -0.799806
                      6.410000                    282.334473                     -0.798364
                      6.420000                    284.683807                     -0.796837
                      6.430000                    286.529724                     -0.794802
                      6.440000                    288.543457                     -0.792173
                      6.450000                    290.305450                     -0.791749
                      6.460000                    292.487000                     -0.787848
                      6.470000                    294.416809                     -0.786321
                      6.480000                    296.430542                     -0.784795
                      6.490000                    298.695984                     -0.783183
                      6.500000                    300.290192                     -0.781233
                      6.510000                    302.387817                     -0.779452
                      6.520000                    304.401550                     -0.778858
                      6.530000                    306.499176                     -0.775975
                      6.540000                    308.680725                     -0.774618
                      6.550000                    310.526611                     -0.773346
                      6.560000                    312.288635                     -0.771056
                      6.570000                    314.470184                     -0.769275
                      6.580000                    316.735626                     -0.767409
                      6.590000                    318.413727                     -0.766561
                      6.600000                    320.343536                     -0.765119
                      6.610000                    322.441162                     -0.764695
                      6.620000                    324.538788                     -0.762575
                      6.630000                    326.384705                     -0.760540
                      6.640000                    328.482330                     -0.759946
                      6.650000                    330.663879                     -0.759353
                      6.660000                    332.425873                     -0.756215
                      6.670000                    334.439606                     -0.753586
                      6.680000                    336.621155                     -0.752398
                      6.690000                    338.550964                     -0.750448
                      6.700000                    340.564697                     -0.748667
                      6.710000                    342.662292                     -0.746886
                      6.720000                    344.424347                     -0.744681
                      6.730000                    346.438049                     -0.742900
                      6.740000                    348.535675                     -0.740356
                      6.750000                    350.549408                     -0.739084
                      6.760000                    352.647064                     -0.739084
                      6.770000                    354.576843                     -0.735691
                      6.780000                    356.674500                     -0.734080
                      6.790000                    358.436493                     -0.731451
                      6.800000                    360.534119                     -0.729924
                      6.810000                    362.547882                     -0.729331
                      6.820000                    364.477661                     -0.727889
                      6.830000                    366.407471                     -0.725854
                      6.840000                    368.589020                     -0.724666
                      6.850000                    370.518860                     -0.722292
                      6.860000                    372.532593                     -0.734334
                      6.870000                    374.462402                     -0.732045
                      6.880000                    376.560028                     -0.729585
                      6.890000                    378.573730                     -0.728737
                      6.900000                    380.419678                     -0.728059
                      6.910000                    382.517303                     -0.726447
                      6.920000                    384.531006                     -0.724158
                      6.930000                    386.544739                     -0.726278
                      6.940000                    388.558441                     -0.723564
                      6.950000                    390.739990                     -0.720596
                      6.960000                    392.585938                     -0.717712
                      6.970000                    394.599640                     -0.714659
                      6.980000                    396.361664                     -0.715507
                      6.990000                    398.375366                     -0.701344
                      7.000000                    400.305206                     -0.699479
                      7.010000                    402.570648                     -0.696680
                      7.020000                    404.668274                     -0.698631
                      7.030000                    406.262482                     -0.695832
                      7.040000                    408.444031                     -0.695153
                      7.050000                    410.457733                     -0.692864
                      7.060000                    412.555359                     -0.691337
                      7.070000                    414.485168                     -0.689471
                      7.080000                    416.582794                     -0.688199
                      7.090000                    418.344788                     -0.685231
                      7.100000                    420.442444                     -0.685231
                      7.110000                    422.372284                     -0.683365
                      7.120000                    424.637726                     -0.681584
                      7.130000                    426.567505                     -0.679464
                      7.140000                    428.581268                     -0.678701
                      7.150000                    430.678894                     -0.677259
                      7.160000                    432.608704                     -0.674206
                      7.170000                    434.454590                     -0.672764
                      7.180000                    436.720032                     -0.671831
                      7.190000                    438.649872                     -0.669796
                      7.200000                    440.579712                     -0.670135
                      7.210000                    442.677307                     -0.666913
                      7.220000                    444.607147                     -0.665895
                      7.230000                    446.788696                     -0.663775
                      7.240000                    448.550690                     -0.662079
                      7.250000                    450.648315                     -0.659534
                      7.260000                    452.745941                     -0.658347
                      7.270000                    454.591858                     -0.655972
                      7.280000                    456.437775                     -0.653937
                      7.290000                    458.535400                     -0.653598
                      7.300000                    460.465240                     -0.651986
                      7.310000                    462.562866                     -0.650460
                      7.320000                    464.492676                     -0.648933
                      7.330000                    466.506378                     -0.647237
                      7.340000                    468.687927                     -0.644015
                      7.350000                    470.533875                     -0.642234
                      7.360000                    472.379761                     -0.642149
                      7.370000                    474.645203                     -0.640113
                      7.380000                    476.407196                     -0.637654
                      7.390000                    478.588745                     -0.636297
                      7.400000                    480.518585                     -0.634177
                      7.410000                    482.364471                     -0.632226
                      7.420000                    484.462128                     -0.630869
                      7.430000                    486.475861                     -0.629173
                      7.440000                    488.573456                     -0.627477
                      7.450000                    490.671112                     -0.625272
                      7.460000                    492.768738                     -0.625272
                      7.470000                    494.530731                     -0.624509
                      7.480000                    496.628387                     -0.622134
                      7.490000                    498.642120                     -0.620523
                      7.500000                    500.571930                     -0.618742
                      7.510000                    502.501709                     -0.616113
                      7.520000                    504.767151                     -0.614841
                      7.530000                    506.780914                     -0.613654
                      7.540000                    508.626831                     -0.612466
                      7.550000                    510.472748                     -0.610940
                      7.560000                    512.318665                     -0.609752
                      7.570000                    514.500183                     -0.608226
                      7.580000                    516.346069                     -0.607039
                      7.590000                    518.359802                     -0.605427
                      7.600000                    520.373596                     -0.602629
                      7.610000                    522.471191                     -0.601441
                      7.620000                    524.568787                     -0.600254
                      7.630000                    526.750366                     -0.598812
                      7.640000                    528.764038                     -0.597286
                      7.650000                    530.609985                     -0.595844
                      7.660000                    532.623718                     -0.593639
                      7.670000                    534.553528                     -0.593215
                      7.680000                    536.567261                     -0.591688
                      7.690000                    538.664856                     -0.590332
                      7.700000                    540.510803                     -0.588805
                      7.710000                    542.440613                     -0.586685
                      7.720000                    544.538269                     -0.585667
                      7.730000                    546.468079                     -0.584904
                      7.740000                    548.565674                     -0.583971
                      7.750000                    550.327698                     -0.581427
                      7.760000                    552.677063                     -0.581088
                      7.770000                    554.522949                     -0.578374
                      7.780000                    556.620605                     -0.577017
                      7.790000                    558.550415                     -0.575066
                      7.800000                    560.648071                     -0.574727
                      7.810000                    562.577881                     -0.572776
                      7.820000                    564.507690                     -0.570656
                      7.830000                    566.353638                     -0.568790
                      7.840000                    568.283447                     -0.569384
                      7.850000                    570.464966                     -0.566077
                      7.860000                    572.478699                     -0.564720
                      7.870000                    574.492432                     -0.563108
                      7.880000                    576.673950                     -0.562006
                      7.890000                    578.435974                     -0.560055
                      7.900000                    580.617493                     -0.558359
                      7.910000                    582.463440                     -0.557172
                      7.920000                    584.728882                     -0.555730
                      7.930000                    586.574768                     -0.553186
                      7.940000                    588.672424                     -0.552253
                      7.950000                    590.434387                     -0.550811
                      7.960000                    592.364258                     -0.548776
                      7.970000                    594.461853                     -0.546401
                      7.980000                    596.727295                     -0.546147
                      7.990000                    598.741028                     -0.544536
                      8.000000                    600.502991                     -0.542755
                      8.010000                    602.432861                     -0.543263
                      8.020000                    604.446533                     -0.540295
                      8.030000                    606.628113                     -0.540465
                      8.040000                    608.641846                     -0.538514
                      8.050000                    610.487732                     -0.536818
                      8.060000                    612.585388                     -0.535546
                      8.070000                    614.682983                     -0.533171
                      8.080000                    616.361084                     -0.531136
                      8.090000                    618.542664                     -0.529864
                      8.100000                    620.388550                     -0.529610
                      8.110000                    622.570068                     -0.528592
                      8.120000                    624.583801                     -0.526387
                      8.130000                    626.597595                     -0.526013
                      8.140000                    628.527344                     -0.524972
                      8.150000                    630.625000                     -0.523219
                      8.160000                    632.722656                     -0.521918
                      8.170000                    634.484680                     -0.519963
                      8.180000                    636.414429                     -0.519291
                      8.190000                    638.679871                     -0.517773
                      8.200000                    640.525757                     -0.516850
                      8.210000                    642.455627                     -0.514760
                      8.220000                    644.553223                     -0.513535
                      8.230000                    646.399170                     -0.512100
                      8.240000                    648.580750                     -0.511270
                      8.250000                    650.510559                     -0.509365
                      8.260000                    652.356445                     -0.508333
                      8.270000                    654.537964                     -0.507527
                      8.280000                    656.803406                     -0.505253
                      8.290000                    658.733215                     -0.504330
                      8.300000                    660.579163                     -0.502526
                      8.310000                    662.592834                     -0.501083
                      8.320000                    664.606628                     -0.499715
                      8.330000                    666.620300                     -0.498524
                      8.340000                    668.466248                     -0.497433
                      8.350000                    670.563843                     -0.496761
                      8.360000                    672.409851                     -0.494529
                      8.370000                    674.423523                     -0.492885
                      8.380000                    676.521179                     -0.492138
                      8.390000                    678.702698                     -0.495855
                      8.400000                    680.548584                     -0.494278
                      8.410000                    682.562378                     -0.493279
                      8.420000                    684.995605                     -0.492364
                      8.430000                    686.589783                     -0.489847
                      8.440000                    688.435669                     -0.489058
                      8.450000                    690.533325                     -0.487422
                      8.460000                    692.463135                     -0.485920
                      8.470000                    694.476868                     -0.484552
                      8.480000                    696.490601                     -0.483747
                      8.490000                    698.336487                     -0.481993
                      8.500000                    700.518005                     -0.480189
                      8.510000                    702.363892                     -0.479224
                      8.520000                    704.629333                     -0.477932
                      8.530000                    706.643127                     -0.477109
                      8.540000                    708.740784                     -0.475498
                      8.550000                    710.670532                     -0.474760
                      8.560000                    712.768188                     -0.473249
                      8.570000                    714.614136                     -0.471731
                      8.580000                    716.627869                     -0.469322
                      8.590000                    718.725464                     -0.467460
                      8.600000                    720.823120                     -0.466318
                      8.610000                    722.417297                     -0.464917
                      8.620000                    724.682739                     -0.463969
                      8.630000                    726.528625                     -0.463516
                      8.640000                    728.542419                     -0.461443
                      8.650000                    730.472168                     -0.460713
                      8.660000                    732.569824                     -0.458523
                      8.670000                    734.667419                     -0.457449
                      8.680000                    736.597290                     -0.455796
                      8.690000                    738.443176                     -0.454688
                      8.700000                    740.624756                     -0.453447
                      8.710000                    742.470642                     -0.451945
                      8.720000                    744.568298                     -0.451013
                      8.730000                    746.414185                     -0.449645
                      8.740000                    748.595703                     -0.448353
                      8.750000                    750.609497                     -0.447036
                      8.760000                    752.707031                     -0.446490
                      8.770000                    754.804688                     -0.444829
                      8.780000                    756.734497                     -0.443377
                      8.790000                    758.580444                     -0.442093
                      8.800000                    760.510254                     -0.440885
                      8.810000                    762.859619                     -0.439828
                      8.820000                    764.621582                     -0.438158
                      8.830000                    766.551453                     -0.437436
                      8.840000                    768.481262                     -0.435917
                      8.850000                    770.662781                     -0.435145
                      8.860000                    772.676575                     -0.433669
                      8.870000                    774.522461                     -0.433845
                      8.880000                    776.703979                     -0.432024
                      8.890000                    778.382080                     -0.430631
                      8.900000                    780.731445                     -0.428542
                      8.910000                    782.577332                     -0.427124
                      8.920000                    784.423218                     -0.425924
                      8.930000                    786.604797                     -0.424363
                      8.940000                    788.534607                     -0.423171
                      8.950000                    790.380554                     -0.421418
                      8.960000                    792.645996                     -0.420973
                      8.970000                    794.407959                     -0.420042
                      8.980000                    796.505615                     -0.418514
                      8.990000                    798.435425                     -0.417541
                      9.000000                    800.616943                     -0.416870
                      9.010000                    802.798523                     -0.415947
                      9.020000                    804.644409                     -0.416182
                      9.030000                    806.574219                     -0.413958
                      9.040000                    808.587952                     -0.415066
                      9.050000                    810.685608                     -0.416735
                      9.060000                    812.699280                     -0.413194
                      9.070000                    814.964722                     -0.410753
                      9.080000                    816.642822                     -0.411155
                      9.090000                    818.740479                     -0.408739
                      9.100000                    820.670288                     -0.408059
                      9.110000                    822.516174                     -0.408218
                      9.120000                    824.446045                     -0.407153
                      9.130000                    826.627563                     -0.403654
                      9.140000                    828.557373                     -0.404342
                      9.150000                    830.571106                     -0.402345
                      9.160000                    832.584839                     -0.401296
                      9.170000                    834.514709                     -0.399777
                      9.180000                    836.528381                     -0.398879
                      9.190000                    838.458252                     -0.398309
                      9.200000                    840.639709                     -0.398300
                      9.210000                    842.569580                     -0.396538
                      9.220000                    844.583252                     -0.397914
                      9.230000                    846.596985                     -0.393895
                      9.240000                    848.526794                     -0.392938
                      9.250000                    850.624451                     -0.392552
                      9.260000                    852.638184                     -0.424145
                      9.270000                    854.567993                     -0.424052
                      9.280000                    856.581726                     -0.420788
                      9.290000                    858.511536                     -0.420042
                      9.300000                    860.860901                     -0.421015
                      9.310000                    862.622864                     -0.420092
                      9.320000                    864.636658                     -0.418338
                      9.330000                    866.482544                     -0.417247
                      9.340000                    868.412354                     -0.416299
                      9.350000                    870.258301                     -0.413538
                      9.360000                    872.439819                     -0.413211
                      9.370000                    874.537415                     -0.412473
                      9.380000                    876.299438                     -0.410610
                      9.390000                    878.564880                     -0.410249
                      9.400000                    880.578613                     -0.407363
                      9.410000                    882.844055                     -0.406339
                      9.420000                    884.438293                     -0.405542
                      9.430000                    886.535828                     -0.404040
                      9.440000                    888.633484                     -0.402722
                      9.450000                    890.647278                     -0.402638
                      9.460000                    892.744812                     -0.401296
                      9.470000                    894.758606                     -0.398409
                      9.480000                    896.604492                     -0.397897
                      9.490000                    898.450378                     -0.396622
                      9.500000                    900.715820                     -0.396286
                      9.510000                    902.310059                     -0.394558
                      9.520000                    904.659363                     -0.392762
                      9.530000                    906.673157                     -0.390757
                      9.540000                    908.519043                     -0.390027
                      9.550000                    910.784485                     -0.387694
                      9.560000                    912.630432                     -0.387434
                      9.570000                    914.560242                     -0.385839
                      9.580000                    916.406128                     -0.384572
                      9.590000                    918.755493                     -0.382970
                      9.600000                    920.937012                     -0.382651
                      9.610000                    922.531250                     -0.381283
                      9.620000                    924.544983                     -0.381224
                      9.630000                    926.642578                     -0.378833
                      9.640000                    928.656311                     -0.376651
                      9.650000                    930.502197                     -0.376148
                      9.660000                    932.767639                     -0.374620
                      9.670000                    934.529663                     -0.374931
                      9.680000                    936.375549                     -0.373823
                      9.690000                    938.724976                     -0.372539
                      9.700000                    940.654724                     -0.370668
                      9.710000                    942.584534                     -0.369754
                      9.720000                    944.598267                     -0.367992
                      9.730000                    946.528076                     -0.366305
                      9.740000                    948.877441                     -0.364803
                      9.750000                    950.471619                     -0.363611
                      9.760000                    952.485413                     -0.362269
                      9.770000                    954.666931                     -0.361220
                      9.780000                    956.764526                     -0.359802
                      9.790000                    958.610474                     -0.358510
                      9.800000                    960.624146                     -0.356764
