-14.02719
-13.84788
-13.73139
-13.80097
-13.85825
-13.88627
-13.71336
-13.49249
-13.49508
-13.4587
-13.36318
-13.34056
-13.327
-13.29354
-13.25135
-13.20348
-13.15977
-13.12783
-13.10616
-12.97684
-12.84793
-12.82172
-12.69631
-12.57639
-12.60291
-12.60882
-12.58451
-12.56472
-12.48522
-12.31623
-12.13112
-12.07662
-12.08071
-12.07693
-12.02644
-11.95699
-11.90962
-11.89806
-11.87818
-11.82761
-11.81613
-11.79083
-11.6612
-11.62297
-11.41729
-11.20498
-11.25069
-11.2976
-11.18745
-11.07181
-11.00509
-10.91719
-10.87148
-10.87238
-10.8146
-10.74181
-10.69771
-10.61397
-10.5491
-10.52605
-10.45946
-10.40654
-10.31699
-10.2019
-10.09661
-10.02436
-9.919082
-9.821455
-9.73846
-9.678926
-9.666511
-9.618
-9.496589
-9.381836
-9.357503
-9.31243
-9.236257
-9.221846
-9.15441
-9.042315
-8.937639
-8.876171
-8.791221
-8.70092
-8.621853
-8.523849
-8.436261
-8.333175
-8.249754
-8.26722
-8.187026
-8.071252
-7.994693
-7.90356
-7.845267
-7.771325
-7.662254
-7.567921
-7.474129
-7.389944
-7.333636
-7.228637
-7.092076
-7.051788
-6.974728
-6.850769
-6.783298
-6.71258
-6.633599
-6.554127
-6.47706
-6.41768
-6.330443
-6.224307
-6.151286
-6.091496
-6.00814
-5.932399
-5.865729
-5.79307
-5.729423
-5.671333
-5.613733
-5.559665
-5.510549
-5.463494
-5.414553
-5.364697
-5.326103
-5.289899
-5.23765
-5.177542
-5.155911
-5.128188
-5.079964
-5.037716
-4.997651
-4.954584
-4.905777
-4.86887
-4.827862
-4.780829
-4.732761
-4.683553
-4.655613
-4.621285
-4.568973
-4.522888
-4.462664
-4.392766
-4.356702
-4.307143
-4.228152
-4.161185
-4.104871
-4.059902
-3.996994
-3.920801
-3.874459
-3.808048
-3.717212
-3.640672
-3.548617
-3.472802
-3.427242
-3.353698
-3.245944
-3.155479
-3.092406
-3.013956
-2.909213
-2.835237
-2.757483
-2.658425
-2.558564
-2.489601
-2.405241
-2.289864
-2.228785
-2.214249
-2.184436
-2.020686
-1.804169
-1.791916
-1.764678
-1.683005
-1.559591
-1.362024
-1.192703
-1.156552
-1.049522
-0.906313
-0.872944
-0.783119
-0.649671
-0.578942
-0.481812
-0.263234
-0.031725
0.018986
