1.143111
1.140933
1.138285
1.137357
1.135692
1.13529
1.13671
1.136779
1.135852
1.13466
1.134641
1.135005
1.134916
1.134041
1.134156
1.134682
1.134385
1.134678
1.134438
1.132827
1.133126
1.134007
1.132587
1.131503
1.132606
1.132656
1.13001
1.129852
1.130394
1.13053
1.130356
1.129275
1.128877
1.129823
1.130176
1.12777
1.12456
1.124243
1.125408
1.12552
1.124596
1.124249
1.12414
1.123542
1.12296
1.122457
1.122259
1.120447
1.119622
1.118782
1.117436
1.11649
1.116225
1.116214
1.115785
1.114454
1.112681
1.110484
1.110058
1.109914
1.108846
1.108168
1.108444
1.108107
1.106876
1.105974
1.106286
1.10439
1.102267
1.103336
1.10262
1.100228
1.098438
1.098303
1.098354
1.097608
1.096054
1.094042
1.093385
1.093375
1.092191
1.090795
1.089267
1.087439
1.085124
1.084044
1.084481
1.084009
1.083008
1.081496
1.079569
1.078863
1.078943
1.077824
1.076101
1.075732
1.075097
1.073905
1.072456
1.071056
1.070143
1.068981
1.067571
1.066983
1.066336
1.06523
1.063894
1.062836
1.06188
1.060614
1.059445
1.058735
1.057538
1.056025
1.054884
1.053824
1.052562
1.051235
1.050416
1.049341
1.047833
1.046788
1.045891
1.04466
1.043406
1.042636
1.041413
1.039889
1.038834
1.037714
1.03662
1.035879
1.034714
1.033334
1.032421
1.031478
1.030353
1.029276
1.028822
1.027956
1.02645
1.025342
1.024525
1.023383
1.022378
1.021608
1.020822
1.019947
1.01912
1.018293
1.017324
1.01624
1.015295
1.014712
1.014348
1.01378
1.012768
1.011554
1.010741
1.010541
1.009991
1.009227
1.008654
1.007914
1.00697
1.006616
1.006363
1.005649
1.004768
1.004623
1.004405
1.003881
1.003276
1.002837
1.002288
1.001651
1.001315
1.001055
1.000667
1.000224
0.999485
0.998837
0.999284
0.99997
1.000026
0.999803
0.999808
0.999876
0.998993
0.997637
0.997355
0.99754
0.997506
0.997428
0.9974
0.997375
0.997574
0.997552
0.997282
0.997061
