18.944759
18.631781
18.239189
17.91415
17.572439
17.205021
16.910919
16.422939
16.26659
15.87726
15.57394
15.28318
14.99493
14.67789
14.37669
14.09098
13.79971
13.46916
13.17668
12.92253
12.63592
12.40321
12.12098
11.87122
11.63032
11.37808
11.13768
10.85855
10.65644
10.42481
10.19246
9.962704
9.740177
9.522629
9.30183
9.098236
8.902771
8.655421
8.485229
8.300424
8.09248
7.889579
7.718964
7.518085
7.361817
7.168179
7.004891
6.814261
6.681516
6.465037
6.345088
6.152546
6.013271
5.88039
5.701337
5.540192
5.403281
5.275898
5.114542
4.976216
4.825464
4.710946
4.561514
4.434319
4.327048
4.19569
4.083285
3.957108
3.844877
3.736837
3.623265
3.51722
3.398689
3.295285
3.192588
3.081891
3.014108
2.895297
2.79761
2.713566
2.624186
2.530479
2.461395
2.355425
2.284171
2.196626
2.117939
2.053589
1.980386
1.890193
1.817841
1.755365
1.688792
1.614465
1.556663
1.497055
1.431416
1.373852
1.318568
1.264855
1.203807
1.155374
1.111135
1.057935
1.00539
0.960004
0.916555
0.871259
0.829977
0.785209
0.748534
0.707375
0.671718
0.63406
0.596368
0.563695
0.52712
0.496903
0.461635
0.428915
0.394334
0.364763
0.335991
0.306614
0.275434
0.247
0.214728
0.189866
0.163149
0.140675
0.11028
0.088055
0.063671
0.046609
0.03008
0.003197
-0.017601
-0.036473
-0.047429
-0.06962
-0.082618
-0.097658
-0.106276
-0.120771
-0.135033
-0.144745
-0.160154
-0.167831
-0.172408
-0.185481
-0.189504
-0.198251
-0.203471
-0.209045
-0.213361
-0.218703
-0.222104
-0.227275
-0.232226
-0.23099
-0.233299
-0.234945
-0.232558
-0.235922
-0.241024
-0.233893
-0.226329
-0.237001
-0.230198
-0.230492
-0.2187
-0.21776
-0.219297
-0.211326
-0.205479
-0.202918
-0.198485
-0.187871
-0.186853
-0.1792
-0.186826
-0.178514
-0.170024
-0.1688
-0.167586
-0.140647
-0.133353
-0.135876
-0.12355
-0.120368
-0.104201
-0.090555
-0.07617
-0.062209
-0.061957
-0.053627
-0.047538
-0.03635
-0.104823
-0.054177
