1.574341
1.647778
1.566354
1.558778
1.553296
1.547794
1.544719
1.537728
1.530596
1.526284
1.520156
1.515357
1.510484
1.502351
1.499752
1.492968
1.487891
1.483369
1.477759
1.47171
1.465995
1.460756
1.455153
1.450086
1.445223
1.439363
1.434819
1.428897
1.423832
1.419436
1.414143
1.408932
1.404046
1.399031
1.394575
1.388866
1.384302
1.379429
1.374612
1.369545
1.364874
1.360235
1.35549
1.351004
1.346271
1.341513
1.336166
1.333357
1.327907
1.323655
1.318659
1.314294
1.310248
1.305488
1.301815
1.297043
1.292738
1.288606
1.284066
1.280025
1.275476
1.271997
1.267636
1.263441
1.259363
1.255628
1.252172
1.247965
1.244582
1.239408
1.235643
1.232059
1.22849
1.225099
1.220894
1.216969
1.213669
1.209738
1.20604
1.202525
1.199033
1.195363
1.192036
1.188594
1.185151
1.181901
1.178349
1.175057
1.171737
1.1685
1.165366
1.162193
1.158663
1.155805
1.152581
1.149522
1.146498
1.143454
1.140564
1.137747
1.134593
1.131792
1.129158
1.126101
1.123368
1.120636
1.117945
1.115341
1.112634
1.110072
1.107517
1.104967
1.102563
1.100134
1.097759
1.095441
1.093118
1.090859
1.08864
1.086477
1.08434
1.08226
1.080147
1.078225
1.076267
1.07428
1.072287
1.070446
1.068594
1.066777
1.064956
1.063113
1.06144
1.059737
1.057916
1.056358
1.054636
1.052949
1.051404
1.049824
1.048249
1.046676
1.045204
1.043719
1.042197
1.040777
1.03933
1.037906
1.036559
1.035203
1.033826
1.032557
1.03127
1.030025
1.0288
1.027605
1.026423
1.02527
1.024134
1.023066
1.022061
1.020914
1.019904
1.018862
1.017792
1.017062
1.016124
1.015249
1.014355
1.013496
1.012826
1.011886
1.011133
1.01044
1.009813
1.00901
1.008407
1.00777
1.007062
1.00644
1.006064
1.005863
1.004976
1.004298
1.004259
1.003518
1.003305
1.002881
1.002445
1.002288
1.00205
1.001462
1.001373
1.00148
1.001241
1.000991
1.000716
1.000693
1.00089
1.000582
