31.35825
31.28047
31.40362
30.64642
30.51716
30.5205
30.308479
29.94809
30.03787
29.83779
29.385981
29.5198
28.85675
29.11289
28.75252
28.441811
28.513121
27.887421
27.80032
27.606569
27.6301
27.43169
27.281509
27.06958
26.86821
26.763359
26.27212
26.28746
26.15402
26.17433
25.67198
25.596189
25.4149
25.168819
24.952259
24.888639
24.800591
24.501751
24.267099
24.303141
24.02393
23.747681
23.69326
23.34123
23.271971
23.11532
22.969219
22.66161
22.449789
22.393
22.285749
22.047131
22.0923
21.91601
21.640539
21.36842
21.36009
21.086349
21.016729
20.80937
20.62879
20.397961
20.252399
20.159
19.920549
19.768551
19.57132
19.34963
19.3048
19.08448
18.9403
18.922001
18.599239
18.418711
18.37579
18.232809
17.952181
17.76643
17.65593
17.406811
17.26243
17.11648
17.05616
16.86404
16.73218
16.53421
16.36799
16.14867
15.99678
15.91371
15.82238
15.60966
15.46572
15.30315
15.15668
15.04564
14.86599
14.75549
14.56489
14.38315
14.24739
14.05055
13.91238
13.7695
13.65674
13.46552
13.34917
13.2056
13.0358
12.90113
12.69904
12.62841
12.46046
12.29862
12.14016
12.01497
11.85399
11.70011
11.55392
11.44532
11.27197
11.10953
10.98003
10.85223
10.67949
10.56152
10.42736
10.24247
10.11429
9.944508
9.817741
9.688528
9.524817
9.387522
9.233706
9.084069
8.957465
8.804866
8.656128
8.506357
8.354182
8.233869
8.072
7.926575
7.803481
7.656491
7.525147
7.364471
7.233157
7.078736
6.93189
6.80036
6.654708
6.508596
6.362758
6.241119
6.089464
5.96352
5.811549
5.681788
5.53483
5.384525
5.246337
5.107393
4.960637
4.824162
4.669268
4.553004
4.413682
4.262988
4.120858
3.997245
3.838481
3.708943
3.58182
3.442566
3.302629
3.144592
3.017099
2.879854
2.721605
2.737219
2.543945
2.318808
2.222653
2.041998
1.920287
1.818333
1.634719
1.568567
1.355171
1.177566
1.058754
0.998101
0.879619
0.654687
0.559761
0.443348
0.335922
0.169225
