1.104339
1.158081
1.104747
1.103206
1.095756
1.101207
1.095759
1.096754
1.093644
1.093705
1.098877
1.088418
1.094141
1.092341
1.088143
1.091914
1.084124
1.08611
1.083955
1.087518
1.085194
1.085573
1.079989
1.084655
1.07914
1.087394
1.077682
1.079697
1.081798
1.07614
1.076663
1.074448
1.074415
1.07341
1.073601
1.072631
1.070719
1.071115
1.070183
1.070578
1.068122
1.068049
1.067868
1.066232
1.066963
1.063667
1.062383
1.063434
1.062442
1.063165
1.061242
1.060664
1.057979
1.058968
1.057391
1.0576
1.05359
1.054845
1.056579
1.053938
1.052024
1.051393
1.049612
1.050608
1.048999
1.049555
1.049398
1.047084
1.046664
1.047008
1.043731
1.045633
1.044908
1.045304
1.042884
1.042666
1.040971
1.041547
1.040421
1.039723
1.037922
1.037598
1.03745
1.036565
1.036523
1.034891
1.034753
1.034924
1.034529
1.03285
1.031756
1.031222
1.031255
1.030418
1.029784
1.029653
1.028819
1.028022
1.0274
1.027137
1.026529
1.02531
1.025075
1.023622
1.024729
1.022194
1.022774
1.022643
1.021699
1.021336
1.020647
1.020615
1.01973
1.019306
1.018813
1.018409
1.017796
1.017372
1.016763
1.016369
1.015925
1.01531
1.015105
1.01412
1.01428
1.013217
1.012508
1.012805
1.012424
1.01193
1.012022
1.011085
1.010815
1.010453
1.010279
1.009569
1.00957
1.009404
1.009045
1.008091
1.008146
1.008049
1.007385
1.00725
1.006988
1.00661
1.006598
1.006285
1.005983
1.005385
1.00528
1.005196
1.004831
1.00436
1.004238
1.004003
1.003917
1.003545
1.003655
1.003057
1.003052
1.002817
1.002481
1.002264
1.002116
1.001982
1.001462
1.001524
1.001214
1.001536
1.001342
1.000827
1.000395
1.000314
1.000424
1.000134
1.000221
0.999981
0.999976
0.999885
1.000309
0.99924
0.999063
0.99931
0.999264
0.999136
0.999119
0.999333
0.998922
0.99856
0.998045
0.997261
0.998713
0.998483
0.998323
0.998426
0.998565
0.999174
0.998082
0.998221
