15.66549
15.34539
15.03555
14.73408
14.45611
14.12669
13.82552
13.53733
13.24038
12.97349
12.65857
12.40376
12.14786
11.84379
11.58792
11.31066
11.0682
10.84112
10.56482
10.35413
10.08671
9.865676
9.622268
9.395642
9.204008
8.976877
8.759245
8.543221
8.335109
8.099785
7.933067
7.731938
7.520591
7.349123
7.149377
6.971888
6.79728
6.64085
6.447165
6.275305
6.111229
5.932545
5.765894
5.619266
5.46717
5.304899
5.170218
5.020155
4.877103
4.72533
4.583682
4.467312
4.325647
4.174352
4.078251
3.936764
3.807639
3.678289
3.566547
3.454655
3.327238
3.223248
3.104069
2.99242
2.893541
2.800391
2.698567
2.588341
2.482377
2.389796
2.292266
2.204498
2.117471
2.036684
1.942349
1.860202
1.785111
1.698736
1.627634
1.541751
1.469611
1.404178
1.327481
1.255474
1.187638
1.117241
1.062905
0.993451
0.932418
0.878038
0.814384
0.757632
0.703482
0.652556
0.597874
0.551193
0.500639
0.453504
0.407598
0.363629
0.321627
0.280639
0.240751
0.203649
0.165359
0.130347
0.096067
0.062756
0.032771
0.002554
-0.026146
-0.054519
-0.081088
-0.106333
-0.134227
-0.159102
-0.183391
-0.209974
-0.232008
-0.255306
-0.277705
-0.301242
-0.323287
-0.343422
-0.366522
-0.384362
-0.406157
-0.423144
-0.44082
-0.457841
-0.474152
-0.490039
-0.504273
-0.517329
-0.527639
-0.53965
-0.551101
-0.561278
-0.5689
-0.574952
-0.583913
-0.588926
-0.594141
-0.599199
-0.604984
-0.605401
-0.60525
-0.606917
-0.607286
-0.608529
-0.606579
-0.607019
-0.601958
-0.599752
-0.597198
-0.594496
-0.588964
-0.581481
-0.576277
-0.571117
-0.567042
-0.557016
-0.550431
-0.540418
-0.530275
-0.524272
-0.510174
-0.503344
-0.491903
-0.483332
-0.47325
-0.457626
-0.447746
-0.434103
-0.424797
-0.409203
-0.394409
-0.379717
-0.366631
-0.353353
-0.348189
-0.34753
-0.319414
-0.307891
-0.288381
-0.272453
-0.260754
-0.241925
-0.219795
-0.207918
-0.183978
-0.166875
-0.148079
-0.132
-0.103983
-0.096811
-0.082017
-0.051092
-0.010628
-0.004465
