1.560645
1.633227
1.550644
1.544552
1.539428
1.534389
1.52873
1.523541
1.518079
1.512504
1.507511
1.501838
1.495207
1.491688
1.485977
1.480418
1.475039
1.469066
1.464413
1.458253
1.453601
1.447975
1.44256
1.437827
1.432587
1.427547
1.422384
1.417119
1.412005
1.406959
1.402503
1.397316
1.392876
1.387871
1.3832
1.377943
1.373335
1.36866
1.363798
1.359631
1.354568
1.350166
1.345284
1.340869
1.336525
1.332027
1.32799
1.322949
1.318581
1.313997
1.309787
1.305668
1.30159
1.297724
1.292811
1.288711
1.284694
1.280515
1.276573
1.272567
1.268353
1.264535
1.260568
1.256511
1.252607
1.248813
1.245062
1.241196
1.237428
1.233727
1.229945
1.226174
1.222499
1.218923
1.215202
1.211666
1.208098
1.204674
1.201195
1.197611
1.194243
1.19079
1.187456
1.184153
1.180791
1.177537
1.174208
1.171054
1.167889
1.164628
1.161533
1.158396
1.155358
1.152329
1.149265
1.146272
1.14334
1.140411
1.137488
1.13457
1.131812
1.128996
1.126163
1.123455
1.120787
1.118136
1.115414
1.112861
1.110288
1.107693
1.105261
1.102798
1.100383
1.098004
1.095702
1.093411
1.091185
1.088982
1.086801
1.084689
1.082596
1.080577
1.078549
1.076604
1.074619
1.072743
1.070803
1.068992
1.067183
1.065396
1.063644
1.061873
1.060199
1.058475
1.056821
1.055159
1.05351
1.051933
1.050328
1.048816
1.047272
1.045752
1.044223
1.042773
1.041291
1.039892
1.038505
1.037136
1.035712
1.034433
1.033139
1.031878
1.030601
1.029381
1.028203
1.026992
1.025893
1.024723
1.023607
1.022532
1.021504
1.020409
1.019482
1.018512
1.017555
1.016617
1.015699
1.014866
1.014041
1.0132
1.012382
1.011658
1.010855
1.010154
1.009425
1.008788
1.008169
1.007554
1.007033
1.006406
1.005652
1.005754
1.004717
1.004396
1.004125
1.003541
1.003327
1.002784
1.002472
1.002195
1.001926
1.001395
1.001372
1.001134
1.000947
1.000888
1.000808
1.000678
1.000433
1.00047
