21.36027
21.50717
21.49822
21.39386
21.300541
21.48712
21.31283
21.381781
21.24737
21.3384
21.58061
21.075569
21.22015
21.230659
21.12789
21.08338
21.22357
21.160641
21.06414
21.007219
20.81146
20.97053
20.822821
20.830811
20.851219
20.764601
20.63982
20.69437
20.672131
20.741011
20.52434
20.42181
20.612
20.53577
20.512211
20.267031
20.297649
20.22019
20.21805
20.374069
20.18762
20.028311
19.953541
19.93725
19.874741
19.86953
19.709999
19.68021
19.794479
19.60631
19.663361
19.374241
19.42441
19.337139
19.28404
19.19376
19.15069
19.188511
19.048559
18.9505
18.962681
18.836809
18.807989
18.67832
18.604231
18.55274
18.528839
18.347679
18.33345
18.265671
18.15237
18.13805
18.01009
17.973631
17.85512
17.762289
17.70293
17.615589
17.53307
17.4431
17.355841
17.27536
17.186291
17.11565
16.999201
16.933689
16.87303
16.772539
16.69297
16.607771
16.53183
16.44557
16.30732
16.22386
16.119301
16.069929
15.9727
15.87076
15.77044
15.68546
15.54626
15.4513
15.32156
15.21373
15.06296
14.95764
14.85609
14.72392
14.5818
14.42248
14.31613
14.16745
13.9927
13.86692
13.70999
13.54463
13.44659
13.28086
13.17011
13.05132
12.91229
12.77248
12.63778
12.47086
12.36727
12.16457
12.06873
11.89259
11.72364
11.54224
11.40125
11.26059
11.06293
10.89731
10.72968
10.56502
10.37996
10.23821
10.06187
9.886371
9.733095
9.569785
9.405471
9.231041
9.06488
8.908906
8.754697
8.591087
8.412296
8.269253
8.100522
7.925342
7.775803
7.605969
7.45467
7.267014
7.135649
6.966342
6.804006
6.650009
6.481764
6.320514
6.149561
5.995595
5.839128
5.66236
5.516388
5.339705
5.196592
5.020039
4.854099
4.70501
4.535871
4.381621
4.221183
4.053572
3.881535
3.725032
3.561807
3.398403
3.230632
3.198714
2.932069
2.771308
2.658385
2.476217
2.332018
2.155128
1.924191
1.826529
1.61691
1.422325
1.274321
1.135109
0.970051
0.77886
0.661835
0.49049
0.480033
0.241693
