0.769207
0.773574
0.774514
0.777053
0.779541
0.78115
0.780997
0.784879
0.784876
0.786005
0.785269
0.787605
0.792377
0.792948
0.79326
0.79403
0.79657
0.7973
0.800515
0.802271
0.806307
0.807537
0.806444
0.811353
0.808532
0.811962
0.815225
0.815388
0.818401
0.819945
0.823585
0.822458
0.82648
0.827527
0.829106
0.831136
0.832553
0.834221
0.834378
0.837129
0.839576
0.840157
0.841958
0.843913
0.845935
0.847894
0.848798
0.849848
0.852307
0.854075
0.856425
0.858997
0.858529
0.859785
0.86436
0.863286
0.865036
0.868637
0.869151
0.870653
0.873046
0.873007
0.874901
0.87653
0.878119
0.880167
0.881625
0.882275
0.885407
0.886927
0.888679
0.889478
0.892833
0.894243
0.895012
0.897058
0.897897
0.89959
0.901276
0.90266
0.904723
0.906046
0.907579
0.909564
0.910859
0.911939
0.914524
0.915008
0.916062
0.917939
0.919585
0.921388
0.922332
0.924038
0.925404
0.9269
0.92824
0.929386
0.930286
0.931443
0.933339
0.934076
0.935182
0.936388
0.937674
0.938329
0.938745
0.939855
0.941106
0.941567
0.942672
0.943217
0.945517
0.946146
0.946967
0.948192
0.949037
0.950508
0.951826
0.953043
0.953773
0.954716
0.956622
0.957282
0.958193
0.959566
0.96032
0.961384
0.962709
0.963461
0.964636
0.965501
0.966719
0.967434
0.96831
0.969136
0.969762
0.970639
0.971302
0.972668
0.973012
0.973944
0.974484
0.975316
0.975771
0.976551
0.97737
0.977921
0.978885
0.979525
0.980391
0.980812
0.981534
0.982698
0.983265
0.983684
0.984311
0.985008
0.985559
0.986393
0.986977
0.987475
0.987866
0.988794
0.989007
0.989755
0.990324
0.991108
0.991405
0.992039
0.992414
0.993004
0.99353
0.99374
0.99422
0.994793
0.99521
0.995448
0.995955
0.996219
0.995206
0.995574
0.996188
0.996283
0.996595
0.998084
0.997225
0.998515
0.998281
0.998532
0.998618
1.000184
0.998738
0.99963
0.999987
1.000133
0.999837
1.000392
0.999576
0.99977
