61.40012
61.226269
61.021751
60.790829
60.277859
59.801369
59.49099
58.948761
58.740742
58.297272
57.854809
57.53289
57.061729
56.6922
56.25016
56.001709
55.574169
55.138241
54.757019
54.346519
53.859718
53.56472
53.045849
52.727791
52.456848
52.025501
51.646351
51.38818
50.855259
50.532509
50.064991
49.692909
49.348751
48.87257
48.434582
48.136162
47.666882
47.29739
46.94733
46.6828
46.075569
45.754398
45.47543
44.921181
44.562069
44.303749
43.870239
43.523762
43.147041
42.769161
42.333641
41.92432
41.657719
41.37365
40.897129
40.57856
40.202911
39.875099
39.436001
39.10955
38.745609
38.397968
38.029171
37.692001
37.51812
37.060539
36.74992
36.357101
36.141788
35.75275
35.36274
35.09153
34.713188
34.346329
34.015469
33.67741
33.333241
33.037621
32.704781
32.333241
32.067711
31.72797
31.416809
31.04896
30.765141
30.50371
30.169029
29.823481
29.608299
29.263559
28.985531
28.68042
28.372089
28.084591
27.839041
27.526711
27.210819
26.96911
26.635401
26.40958
26.13364
25.865129
25.584419
25.327551
25.05374
24.810129
24.50864
24.297199
24.019381
23.755581
23.53721
23.25178
23.004
22.759529
22.50705
22.28945
22.0445
21.785839
21.581579
21.384821
21.10997
20.88406
20.69478
20.462429
20.1877
19.98241
19.80022
19.56942
19.331011
19.14032
18.95598
18.724489
18.52289
18.318251
18.11664
17.93248
17.7153
17.5355
17.34359
17.14208
16.95923
16.783581
16.58926
16.40427
16.210751
16.039221
15.86881
15.69348
15.52654
15.36878
15.18382
15.00001
14.84435
14.6732
14.51817
14.3412
14.17552
14.02551
13.87146
13.71389
13.57525
13.418
13.24908
13.112
12.97269
12.81668
12.68105
12.53899
12.39317
12.26021
12.11438
11.98497
11.84769
11.72571
11.57448
11.44662
11.32807
11.19871
11.06937
10.95009
10.82306
10.70171
10.58315
10.46181
10.34355
10.22608
10.10679
9.989083
9.877471
9.770712
9.664745
9.560151
9.450086
9.340796
9.23249
9.124381
9.022
8.923369
8.819054
8.718934
8.617022
8.577324
8.634895
8.582447
8.567182
8.143242
8.143754
8.130975
8.129493
8.137423
7.761117
7.705382
7.733782
7.73925
7.391068
7.360922
7.387915
7.380371
7.05062
7.031406
7.044665
7.061098
6.739689
6.722087
6.748381
6.477246
6.446374
6.467418
6.454105
6.197384
6.207402
6.190077
5.965562
5.967755
5.963223
5.958416
5.750056
5.771558
5.728903
5.538505
5.539246
5.526866
5.329965
5.346914
5.358871
5.15695
5.183956
5.175808
5.0126
5.024977
4.87931
4.838834
4.850528
4.70488
4.727003
4.673328
4.571145
4.569888
4.452956
4.456849
4.453147
4.310621
4.318653
4.160651
4.216467
4.116241
4.093493
4.075389
3.974685
3.989691
3.89456
3.917284
3.803145
3.785598
3.704582
3.704421
3.632355
3.625205
3.525429
3.52185
3.466602
3.433755
3.373796
3.365636
3.302287
3.300716
3.256088
3.180805
3.195914
3.108023
3.107406
3.056093
3.049762
2.969104
2.955191
2.908636
2.88137
2.886841
2.808355
2.765175
2.778937
2.731632
2.683748
2.682325
2.668896
2.577522
2.597948
2.524943
2.505489
2.463035
2.473963
2.417778
2.401272
2.37054
2.363587
2.325666
2.295678
2.25343
2.203221
2.210987
2.198467
2.181644
2.120111
2.120364
2.103023
2.070025
2.023895
2.013895
2.002338
1.973447
1.925779
1.930594
1.893434
1.867551
1.873876
1.825778
1.793729
1.803225
1.78188
1.756506
1.752059
1.724309
1.715156
1.68546
1.659698
1.63695
1.597772
1.607307
1.583354
1.570004
1.546744
1.55425
1.487041
1.490006
1.49004
1.440705
1.429641
1.434896
1.426048
1.384261
1.384876
1.357562
1.316423
1.328759
1.302333
1.295113
1.300796
1.26155
1.261994
1.247725
1.219442
1.228381
1.188559
1.186458
1.163174
1.170527
1.140976
1.154234
1.151829
1.110275
1.093404
1.104073
1.070113
1.040764
1.045661
1.029327
0.996398
1.011954
0.973111
0.969771
0.972851
0.968885
0.948443
0.947856
0.90797
0.918838
0.921017
0.875466
0.874524
0.878369
0.860542
0.869551
0.847756
0.851841
0.831425
0.817232
0.802096
0.780513
0.793948
0.775343
0.778403
0.756075
0.767261
0.753725
0.76744
0.733767
0.725906
0.718399
0.697745
0.707778
0.688048
0.668846
0.667439
0.644135
0.663976
0.677542
0.660145
0.643831
0.621472
0.6181
0.625645
0.604793
0.580457
0.606828
0.565109
0.573654
0.58965
0.579678
0.579528
0.564365
0.558887
0.575771
0.557439
0.488584
0.505776
0.525736
0.483069
0.486747
0.509454
0.499027
0.480627
0.470764
0.460099
0.479233
0.456216
0.474398
0.470272
0.449228
0.439133
0.445684
0.426236
