0.588669
0.591731
0.596549
0.604537
0.609482
0.610967
0.616537
0.62206
0.627682
0.633796
0.637198
0.642272
0.646894
0.652502
0.65511
0.660183
0.665261
0.668259
0.672781
0.677376
0.681712
0.687637
0.690737
0.695189
0.699235
0.703361
0.710098
0.712497
0.716804
0.719069
0.725954
0.728339
0.733387
0.73814
0.742267
0.746187
0.749996
0.753521
0.758048
0.761265
0.765371
0.768465
0.772339
0.775097
0.781045
0.783605
0.786486
0.791578
0.794667
0.797452
0.801017
0.806344
0.807969
0.81172
0.814
0.817625
0.821548
0.82334
0.827191
0.830508
0.833163
0.836507
0.839683
0.84227
0.847771
0.850963
0.854092
0.857044
0.859617
0.862275
0.864382
0.866523
0.868924
0.873136
0.872667
0.876994
0.878485
0.881569
0.882417
0.885065
0.887394
0.889262
0.89104
0.893838
0.894375
0.897126
0.899444
0.901074
0.901825
0.904639
0.907109
0.908968
0.910401
0.912029
0.912954
0.915348
0.916877
0.919111
0.92006
0.921716
0.923555
0.925577
0.927163
0.927796
0.929848
0.930438
0.931928
0.933398
0.934692
0.937049
0.937417
0.938107
0.940137
0.941256
0.942382
0.943577
0.944669
0.946347
0.946935
0.94797
0.948898
0.950037
0.95124
0.951507
0.953026
0.954388
0.955271
0.955795
0.95712
0.957581
0.958761
0.959432
0.960226
0.961039
0.962145
0.962333
0.963689
0.963977
0.964986
0.965557
0.965925
0.966682
0.967729
0.968045
0.968842
0.969646
0.9704
0.971091
0.971315
0.971966
0.972694
0.973169
0.973708
0.974442
0.975057
0.975239
0.976095
0.97639
0.976863
0.977394
0.977951
0.978225
0.978474
0.979161
0.979541
0.980014
0.98028
0.980737
0.981243
0.981632
0.98199
0.982371
0.982883
0.983251
0.9834
0.983586
0.984038
0.984495
0.984852
0.985322
0.985464
0.985837
0.985785
0.986281
0.986488
0.986841
0.987086
0.987375
0.987729
0.987885
0.988084
0.988309
0.98861
0.989013
0.988877
0.989309
0.989451
0.989745
0.989756
0.990102
0.990326
0.988661
0.988785
0.988903
0.989443
0.990387
0.990891
0.990207
0.990264
0.990032
0.991284
0.990436
0.990546
0.991079
0.992071
0.991495
0.992127
0.991075
0.99193
0.992314
0.992243
0.992841
0.993137
0.993103
0.992923
0.993373
0.992839
0.993103
0.993596
0.993256
0.993469
0.993905
0.994218
0.994381
0.994355
0.993906
0.994261
0.994624
0.994401
0.994965
0.994788
0.994836
0.995264
0.995261
0.995344
0.995156
0.995323
0.995457
0.995345
0.995209
0.995637
0.995252
0.996137
0.995478
0.995701
0.995788
0.995902
0.996019
0.996166
0.99617
0.996329
0.996666
0.996351
0.996764
0.996443
0.99644
0.996486
0.996322
0.996754
0.996321
0.996983
0.99712
0.99709
0.997218
0.996987
0.997057
0.997121
0.996509
0.997205
0.997026
0.996963
0.997253
0.997193
0.997354
0.997538
0.997408
0.997488
0.997589
0.997249
0.997746
0.998128
0.997558
0.997603
0.997522
0.997499
0.997997
0.998068
0.99771
0.998119
0.997914
0.997529
0.997693
0.998159
0.998182
0.997912
0.997733
0.997739
0.998236
0.997962
0.997909
0.998053
0.998389
0.998133
0.999193
0.997629
0.99912
0.998349
0.998047
0.99816
0.998253
0.998205
0.998005
0.997838
0.998551
0.998092
0.998466
0.998308
0.998172
0.998002
0.998705
0.998473
0.998327
0.998567
0.998326
0.998327
0.998829
0.998792
0.997875
0.998349
0.998456
0.998527
0.998094
0.998685
0.998844
0.998505
0.998419
0.998371
0.998261
0.998832
0.998786
0.998364
0.998651
0.998702
0.998721
0.998279
0.998458
0.99913
0.998209
0.999009
0.998629
0.998215
0.99844
0.998218
0.99905
0.998809
0.998668
0.998622
0.998671
0.998601
0.998927
0.998839
0.999039
0.999078
0.998624
0.998555
0.998583
0.998603
0.998795
0.999005
0.99936
0.998837
0.998452
0.998604
0.998565
0.998419
0.998903
0.998776
0.998523
0.998922
0.998528
0.998924
0.9996
0.998456
0.999049
0.998121
0.998915
0.999151
0.999191
0.998467
0.998792
0.998629
0.998282
0.998777
0.998829
0.998105
0.998934
0.998723
0.998545
0.998494
0.999241
0.999458
0.998733
0.998898
0.998822
0.998814
0.998697
0.998968
0.998778
0.999202
0.99873
0.998574
0.99886
0.999184
0.998825
0.99817
0.998791
0.999084
0.998803
0.998698
0.999121
0.999183
0.998822
0.999228
0.999244
0.998945
0.998617
0.998755
0.999123
0.998634
0.998464
0.998975
0.999024
0.998898
0.999283
0.998744
0.998706
0.999004
0.998961
0.998652
0.999319
0.999308
0.999203
0.998894
0.999131
0.998884
0.998965
0.998981
0.999013
0.999346
0.998725
0.999715
