-18.16963
-18.07415
-17.99069
-17.828911
-17.67733
-17.68854
-17.64518
-17.62739
-17.47644
-17.257311
-17.18701
-17.19338
-17.042049
-16.89472
-16.793409
-16.694731
-16.722441
-16.71439
-16.659849
-16.570471
-16.408871
-16.25424
-16.189989
-16.101601
-16.03738
-16.044439
-15.94527
-15.81479
-15.7618
-15.68353
-15.56182
-15.47894
-15.41378
-15.33515
-15.31005
-15.20941
-15.03339
-14.93171
-14.84548
-14.79637
-14.82123
-14.70053
-14.4893
-14.43253
-14.36378
-14.28006
-14.2434
-14.14995
-14.03432
-13.88477
-13.80248
-13.80627
-13.797
-13.64498
-13.43304
-13.33955
-13.29831
-13.27902
-13.18995
-13.08943
-12.98259
-12.87776
-12.82039
-12.80635
-12.65598
-12.44856
-12.35727
-12.41819
-12.33002
-12.21368
-12.16113
-12.00099
-11.79296
-11.72722
-11.68437
-11.57117
-11.42987
-11.40525
-11.32725
-11.18569
-11.09858
-11.01785
-10.88873
-10.77724
-10.70267
-10.65563
-10.57205
-10.45213
-10.29727
-10.1574
-10.09849
-9.996614
-9.851053
-9.756346
-9.667552
-9.551186
-9.421951
-9.353312
-9.275743
-9.1598
-9.035206
-8.921102
-8.818507
-8.726797
-8.641768
-8.534742
-8.426893
-8.353676
-8.283425
-8.179355
-8.096627
-8.042406
-7.981061
-7.905409
-7.837257
-7.762965
-7.669066
-7.587915
-7.499619
-7.412147
-7.320641
-7.230485
-7.153464
-7.07093
-7.01973
-6.959435
-6.87477
-6.79898
-6.720071
-6.647263
-6.594687
-6.530613
-6.460584
-6.397643
-6.322957
-6.24217
-6.167408
-6.102577
-6.051337
-5.977066
-5.872971
-5.796077
-5.736656
-5.653571
-5.555199
-5.472535
-5.390816
-5.297001
-5.21779
-5.142426
-5.045889
-4.946909
-4.872685
-4.781557
-4.661129
-4.580356
-4.495498
-4.39255
-4.307846
-4.226348
-4.12398
-4.023315
-3.917459
-3.822802
-3.717481
-3.626425
-3.566108
-3.479748
-3.350726
-3.242126
-3.1709
-3.081686
-2.944778
-2.820011
-2.75167
-2.664375
-2.530865
-2.412016
-2.318534
-2.253833
-2.27092
-2.147806
-1.910232
-1.782318
-1.752425
-1.654024
-1.478119
-1.333474
-1.287587
-1.25734
-1.118964
-0.951951
-0.909235
-0.813544
-0.632609
-0.507568
-0.428854
-0.260057
-0.070407
-0.030613
