1.17943
1.174695
1.173303
1.173301
1.172859
1.171833
1.171865
1.172145
1.170028
1.167687
1.167391
1.166451
1.163386
1.161175
1.161741
1.160306
1.156472
1.154155
1.154312
1.152417
1.150594
1.150208
1.150051
1.149357
1.148032
1.146649
1.144897
1.142991
1.14198
1.141519
1.140705
1.139707
1.138559
1.136711
1.13497
1.134554
1.134348
1.133351
1.131789
1.129797
1.128481
1.128385
1.128145
1.125368
1.121654
1.120128
1.119467
1.119808
1.118835
1.117407
1.115668
1.11462
1.114926
1.113819
1.112343
1.111251
1.109638
1.107434
1.105688
1.105137
1.103659
1.101858
1.101156
1.100929
1.099037
1.096618
1.095232
1.093839
1.093156
1.092532
1.09137
1.090423
1.089154
1.087849
1.086738
1.085213
1.084061
1.084557
1.083065
1.081156
1.080688
1.080329
1.078902
1.077411
1.076354
1.075103
1.073877
1.072445
1.070968
1.07029
1.069256
1.067628
1.066112
1.065547
1.064868
1.063922
1.062964
1.061749
1.0609
1.060643
1.059517
1.057837
1.056644
1.055854
1.05499
1.053993
1.052876
1.051787
1.05079
1.050031
1.049439
1.048371
1.046998
1.046168
1.045089
1.043904
1.043106
1.042109
1.041005
1.040095
1.038979
1.037892
1.036768
1.03571
1.034751
1.03396
1.032934
1.031811
1.030799
1.029919
1.02887
1.027764
1.026835
1.026135
1.02525
1.024377
1.023494
1.022637
1.021959
1.021168
1.020122
1.019343
1.018974
1.018254
1.017281
1.016899
1.016145
1.015112
1.014704
1.014004
1.013049
1.012739
1.012097
1.011174
1.010859
1.01054
1.009848
1.009045
1.008451
1.008231
1.00791
1.007444
1.00692
1.006252
1.005675
1.005342
1.005159
1.004799
1.004182
1.003664
1.003586
1.003147
1.002503
1.002625
1.002372
1.001951
1.001664
1.001443
1.001064
1.000742
1.001406
1.001228
1.000911
1.001646
1.002234
1.002275
1.001866
1.001756
1.001187
1.000377
0.999944
0.999935
0.999051
0.997699
0.998251
0.998893
0.999203
0.999343
0.999175
0.998544
