24.56716
24.368971
24.55987
24.40386
24.41856
24.433201
24.35725
24.585011
24.26251
24.321609
24.186331
24.225821
24.285561
24.086121
24.17428
23.90543
24.248541
24.253771
24.322359
24.02968
24.205601
23.981371
24.000059
23.896669
23.89398
23.8179
23.834841
23.754181
23.739731
23.650961
23.532841
23.41699
23.455521
23.480049
23.53966
23.42762
23.32229
23.25001
23.18976
23.182329
23.08176
23.09417
23.10327
22.9149
22.847759
22.85561
22.68527
22.525511
22.6521
22.57826
22.42338
22.3379
22.312929
22.247931
22.12944
22.059311
22.078951
21.9069
21.863741
21.810989
21.684811
21.61385
21.563459
21.47147
21.40019
21.374241
21.207371
21.14883
21.12779
20.96714
20.903179
20.808649
20.75131
20.705059
20.51791
20.44908
20.420151
20.226
20.191561
20.10844
20.008181
19.930889
19.79426
19.69915
19.57062
19.50354
19.388081
19.27417
19.20323
19.08742
19.03569
18.92779
18.777679
18.701429
18.60354
18.459761
18.32859
18.239401
18.113371
17.983179
17.894329
17.749371
17.62904
17.49017
17.391859
17.207729
17.028111
16.894079
16.739479
16.573339
16.386971
16.202271
16.088711
15.9171
15.7861
15.64524
15.48665
15.34926
15.16538
14.99093
14.8764
14.73038
14.53
14.39715
14.19112
14.05927
13.8492
13.68192
13.50322
13.3351
13.10775
12.9161
12.7669
12.57889
12.38963
12.19125
12.00878
11.80597
11.63895
11.44837
11.25569
11.0718
10.89432
10.68826
10.52859
10.34913
10.14827
9.971353
9.778488
9.590869
9.425695
9.232012
9.055399
8.879656
8.695062
8.490968
8.315981
8.11007
7.915083
7.728618
7.557823
7.382403
7.197544
6.986669
6.804739
6.626639
6.442002
6.253595
6.060579
5.880363
5.688605
5.502343
5.317924
5.122125
4.924751
4.748536
4.55763
4.366042
4.164257
3.984288
3.755279
3.716176
3.471621
3.222784
3.027809
2.847534
2.696272
2.521474
2.244236
2.156933
1.855906
1.709451
1.533589
1.303955
1.119676
0.928073
0.73641
0.569573
0.440124
0.223016
