0.73346
0.734942
0.738221
0.738229
0.740735
0.741714
0.747674
0.746457
0.749062
0.750019
0.749502
0.752185
0.755211
0.75845
0.759687
0.759885
0.761874
0.764243
0.764382
0.769867
0.770292
0.77094
0.77308
0.776481
0.777647
0.781356
0.780544
0.783795
0.787356
0.785153
0.788498
0.789848
0.79405
0.795168
0.797258
0.800527
0.80065
0.802067
0.803734
0.806342
0.80829
0.808986
0.810618
0.813681
0.815668
0.816866
0.819891
0.82003
0.82323
0.825343
0.825356
0.82845
0.829642
0.831719
0.833467
0.836351
0.838173
0.840042
0.842188
0.843447
0.844583
0.847126
0.848093
0.851352
0.852718
0.8552
0.857282
0.859414
0.859786
0.86187
0.864176
0.866613
0.867397
0.869056
0.871926
0.872897
0.876589
0.877203
0.879278
0.880293
0.882765
0.884798
0.886916
0.888444
0.890343
0.891709
0.894199
0.895049
0.897003
0.898645
0.900453
0.902081
0.90436
0.905546
0.907718
0.908553
0.910321
0.910971
0.913037
0.914392
0.915291
0.916872
0.918235
0.918975
0.919724
0.921062
0.922974
0.924067
0.924888
0.926559
0.927727
0.928854
0.929313
0.93124
0.932669
0.933607
0.935871
0.936717
0.938386
0.940412
0.941526
0.943278
0.94377
0.94526
0.94744
0.948382
0.950399
0.951433
0.952553
0.953812
0.95488
0.955808
0.957216
0.958345
0.959248
0.96049
0.961356
0.962697
0.963535
0.963896
0.965345
0.966446
0.967596
0.968127
0.969328
0.970361
0.971062
0.971731
0.973057
0.973726
0.974718
0.975582
0.976302
0.977099
0.978132
0.978936
0.979709
0.980468
0.981473
0.982342
0.982896
0.983756
0.984665
0.985008
0.986074
0.986652
0.987309
0.988325
0.988622
0.989408
0.990197
0.990652
0.991276
0.991793
0.992142
0.993036
0.993275
0.993852
0.994369
0.994631
0.995336
0.995224
0.995601
0.996167
0.996592
0.995517
0.996669
0.99694
0.998018
0.997222
0.998096
0.998374
0.998932
0.998496
0.999066
0.999009
0.999093
0.998991
0.99916
0.999425
