14.59205
14.3686
14.02122
13.63302
13.62405
13.61879
13.41076
13.19709
13.12435
12.98801
12.70294
12.44535
12.35973
12.33331
12.23247
12.02706
11.68069
11.4517
11.43539
11.35596
11.16296
10.96572
10.82457
10.68041
10.51681
10.36701
10.29679
10.17151
9.998371
9.893514
9.782475
9.673859
9.545426
9.360877
9.217041
9.107627
8.96205
8.856033
8.79812
8.693089
8.541251
8.441646
8.33602
8.193235
8.077833
7.974027
7.90757
7.819979
7.7144
7.61375
7.502012
7.464233
7.366195
7.223113
7.131867
7.063406
6.948236
6.836957
6.745757
6.658414
6.609322
6.546744
6.45397
6.378839
6.346173
6.300318
6.205862
6.108833
6.054949
5.996237
5.895289
5.793548
5.728973
5.654494
5.57471
5.495434
5.434491
5.36573
5.307271
5.235891
5.151816
5.089065
5.022465
4.946942
4.890233
4.83934
4.781578
4.725531
4.666182
4.603327
4.55527
4.503713
4.429707
4.359439
4.30228
4.260441
4.228584
4.179996
4.112834
4.055929
4.002043
3.945459
3.90246
3.860769
3.809155
3.764015
3.719467
3.664668
3.623247
3.572991
3.533033
3.512147
3.469918
3.413193
3.359967
3.31924
3.292577
3.25156
3.195526
3.156116
3.121812
3.078923
3.053477
3.029818
2.985456
2.936174
2.915738
2.881893
2.832949
2.805039
2.784015
2.746837
2.704949
2.691478
2.657655
2.608587
2.5671
2.547579
2.520726
2.479956
2.444997
2.429875
2.408572
2.373356
2.32879
2.312893
2.295108
2.261987
2.227954
2.195793
2.17081
2.15544
2.12987
2.095945
2.070279
2.049397
2.023542
1.99739
1.978782
1.949644
1.920643
1.919469
1.895835
1.860179
1.838942
1.822332
1.801443
1.770604
1.749018
1.749595
1.7288
1.697445
1.674004
1.650128
1.625026
1.61815
1.608295
1.590998
1.562833
1.534553
1.517026
1.503331
1.49552
1.487296
1.47744
1.457951
1.426623
1.39671
1.381721
1.375336
1.362617
1.348575
1.328972
1.310402
1.298612
1.284477
1.270426
1.265593
1.248972
1.23592
1.224824
1.187919
1.177475
1.210004
1.20576
1.153937
1.124737
1.131572
1.140969
1.130842
1.12183
1.114983
1.112608
1.110299
1.042376
0.939623
0.959008
1.013649
0.991054
0.955678
0.957725
0.967733
0.966411
0.962411
0.952863
0.945017
0.915512
0.882493
0.868024
0.861587
0.86671
0.879865
0.885614
0.866261
0.838102
0.827933
0.828974
0.824053
0.81337
0.801955
0.771307
0.737746
0.729455
0.7217
0.715511
0.708032
0.697811
0.685807
0.680179
0.674248
0.649126
0.621188
0.618158
0.612663
0.595912
0.595662
0.619871
0.640564
0.625889
0.61128
0.607545
0.605914
0.600878
0.596502
0.606501
0.619472
0.600523
0.586694
0.551427
0.521096
0.534868
0.545841
0.52156
0.493016
0.489143
0.48858
0.491199
0.500298
0.507081
0.508188
0.505488
0.480103
0.451769
0.471853
0.494498
0.439812
0.36899
0.397586
0.444723
0.458703
0.436003
0.413663
0.408593
0.394025
0.394222
0.406041
0.396448
0.374053
0.364241
0.360451
0.355196
0.351714
0.350844
0.359113
0.356732
0.338404
0.330735
0.353332
0.381673
0.368474
0.341941
0.333855
0.335628
0.336313
0.358897
0.392145
0.355688
0.318904
0.314632
0.310973
0.30388
0.30117
0.301813
0.30077
0.29056
0.284768
0.279152
0.256665
0.234925
0.263502
0.294218
0.265488
0.231394
0.266326
0.318449
0.305755
0.263918
0.235432
0.242717
0.249737
0.251703
0.259438
0.249057
0.230172
0.231286
0.236198
0.240766
0.249772
0.247916
0.239791
0.234288
0.20981
0.190836
0.19328
0.195544
0.196781
0.202436
0.205365
0.195607
0.194342
0.187679
0.182425
0.179122
0.171828
0.158907
0.152625
0.183206
0.200496
0.182634
0.1758
0.17384
0.168341
0.164518
0.163682
0.163961
0.177105
0.170026
0.156054
0.146815
0.137602
0.140563
0.14387
0.145042
0.148378
0.148431
0.142663
0.127874
0.113608
0.119262
0.162772
0.199199
0.15744
0.109297
0.108893
0.12373
0.136765
0.139896
0.141231
0.143229
0.141197
0.115431
0.083991
0.096227
0.11377
0.101427
0.096312
0.108489
0.124595
0.14074
0.143201
0.115155
0.086275
0.088425
0.088172
0.083103
0.086649
0.098619
0.094487
0.086168
0.074788
0.069382
0.086745
0.123647
0.163529
0.125579
0.085164
0.066404
0.048445
0.061941
0.074878
0.10836
0.148466
0.105403
0.061986
0.073411
0.084387
0.080772
0.078828
0.07792
0.077024
0.061619
0.05114
0.060708
0.068389
0.065153
0.059081
0.056788
0.065277
0.074947
0.085747
0.085667
0.082071
0.061883
0.042581
0.040051
0.042429
0.036635
0.037179
0.048206
0.057757
0.061618
