1.109604
1.109462
1.106808
1.103754
1.101573
1.102043
1.101606
1.101074
1.100623
1.098774
1.097064
1.096803
1.096042
1.095318
1.091946
1.086754
1.089495
1.092501
1.090547
1.087613
1.084992
1.085126
1.082757
1.079538
1.078547
1.077751
1.076973
1.076814
1.075167
1.074632
1.071985
1.068908
1.068253
1.067028
1.065419
1.064083
1.062439
1.061256
1.060099
1.059607
1.058051
1.056091
1.055815
1.055072
1.054335
1.053458
1.052478
1.051966
1.050676
1.0493
1.048572
1.048142
1.047054
1.045517
1.044395
1.044098
1.043366
1.042359
1.041695
1.040737
1.039705
1.03943
1.038823
1.038047
1.038876
1.039569
1.039326
1.038434
1.037246
1.036062
1.034952
1.034123
1.033637
1.033224
1.032346
1.031423
1.030892
1.030267
1.029254
1.028385
1.028003
1.027595
1.026724
1.025475
1.024735
1.024732
1.024385
1.023841
1.023432
1.023002
1.022285
1.021433
1.020897
1.020553
1.020091
1.019632
1.019086
1.018423
1.017911
1.017462
1.01721
1.016742
1.016072
1.015728
1.015406
1.014872
1.014456
1.014329
1.01394
1.013387
1.013061
1.012904
1.012572
1.012042
1.011593
1.011507
1.011246
1.010778
1.010452
1.010544
1.010132
1.009438
1.009119
1.009045
1.008752
1.008487
1.008377
1.008207
1.00777
1.00738
1.007453
1.007241
1.006769
1.006486
1.006315
1.006238
1.006052
1.005882
1.005704
1.005591
1.005346
1.005017
1.004947
1.004745
1.004471
1.004628
1.004385
1.004014
1.003943
1.003995
1.003687
1.00337
1.00344
1.003272
1.002945
1.002878
1.002778
1.002717
1.00257
1.002391
1.002274
1.002179
1.00216
1.002149
1.002066
1.001905
1.001712
1.001655
1.001646
1.001573
1.001496
1.001338
1.001184
1.001086
1.001004
1.001042
1.000956
1.000765
1.000618
1.000688
1.000655
1.000564
1.000474
1.000396
1.000295
1.000168
1.000275
1.000423
1.000311
1.000229
1.000175
1.000104
0.999982
0.999807
0.999819
0.999884
0.999871
0.999741
0.999566
0.999473
0.999503
0.999587
0.999321
0.998909
0.998725
0.99879
0.998803
0.998766
0.998731
0.998807
0.998803
0.998719
0.998683
0.99865
0.998658
0.998756
0.998592
0.998353
0.998865
0.999556
0.999416
0.999042
0.998988
0.99866
0.998299
0.998447
0.998682
0.998889
0.998584
0.998486
0.998398
0.998367
0.998541
0.998592
0.998465
0.998189
0.998142
0.998597
0.998647
0.997948
0.997222
0.997289
0.998208
0.999302
0.999189
0.99872
0.998416
0.998379
0.998311
0.998007
0.997773
0.998091
0.998589
0.998881
0.998875
0.998489
0.998122
0.997742
0.998219
0.999081
0.998629
0.998188
0.998263
0.998158
0.997916
0.997704
0.997594
0.997827
0.997952
0.997878
0.99794
0.998252
0.998509
0.998419
0.998185
0.997793
0.997519
0.997656
0.997781
0.997883
0.998199
0.998611
0.998299
0.99824
0.998312
0.998126
0.998025
0.997977
0.997894
0.997834
0.997696
0.997617
0.997863
0.998171
0.997747
0.997532
0.997865
0.998267
0.997939
0.997622
0.997813
0.997852
0.997829
0.998063
0.998053
0.998009
0.99796
0.997746
0.99743
0.997254
0.997524
0.997897
0.997952
0.997944
0.99792
0.997902
0.997898
0.997888
0.997884
0.997895
0.997924
0.997867
0.997565
0.997185
0.997651
0.998257
0.998137
0.99787
0.997702
0.997452
0.997628
0.997773
0.997751
0.997861
0.997868
0.997812
0.997779
0.997764
0.998146
0.998796
0.998695
0.998353
0.997932
0.997687
0.997782
0.997855
0.997788
0.997608
0.997528
0.997512
0.997564
0.997807
0.997956
0.997698
0.997487
0.997463
0.997581
0.997717
0.997807
0.997682
0.997581
0.997594
0.997351
0.997338
0.997376
0.997194
0.997495
0.997993
0.998072
0.997935
0.997905
0.997962
0.998047
0.997985
0.997904
0.997816
0.997691
0.997471
0.997397
0.997564
0.997647
0.997603
0.997648
0.99776
0.99782
0.997773
0.997742
0.997846
0.998029
0.998225
0.998063
0.997817
0.998026
0.998325
0.998051
0.997765
0.997924
0.998013
0.997816
0.997558
0.997334
0.997368
0.997449
0.997591
0.997932
0.997968
0.997932
0.997966
0.99799
0.998021
0.997702
0.997171
0.996833
0.997091
0.997714
0.998431
0.998806
0.998773
0.998554
0.998278
0.998046
0.998013
0.997953
0.997898
0.997887
0.997798
0.997816
0.997881
0.99789
0.997491
0.996928
0.997021
0.997642
0.997692
0.99751
0.997375
0.997365
0.997496
0.99778
0.997953
0.997974
0.998009
0.997802
0.997498
0.997404
0.997342
0.997647
0.997846
0.997661
0.997471
0.997429
0.997739
0.998084
0.997891
0.997675
0.997466
0.997666
0.997996
0.99815
0.998141
0.997998
