13.48674
13.36681
13.31538
13.26057
13.26215
13.28424
13.24117
13.18827
13.12198
13.03692
12.9762
12.937
12.91762
12.85062
12.82052
12.81405
12.64783
12.46359
12.52096
12.62708
12.50981
12.31246
12.21655
12.24678
12.2823
12.28379
12.16979
12.03434
11.99045
11.9804
11.89486
11.87127
11.83367
11.63216
11.45793
11.52992
11.38223
11.19101
11.21629
11.17314
11.08666
11.10874
11.10757
11.03738
10.97592
10.92844
10.76815
10.59993
10.4818
10.51658
10.55918
10.53569
10.49798
10.32983
10.14869
10.16531
10.10388
9.978949
9.880647
9.84071
9.801558
9.735336
9.66468
9.561573
9.428381
9.354567
9.341913
9.279736
9.178843
9.088931
9.022996
8.978916
8.908494
8.862196
8.775548
8.65412
8.61384
8.597066
8.498103
8.364956
8.272943
8.254961
8.167413
8.053143
7.993741
7.92234
7.867711
7.851945
7.820983
7.696834
7.548325
7.537835
7.462054
7.338151
7.259411
7.193499
7.115085
7.036729
7.02342
6.977935
6.895196
6.798333
6.69418
6.642848
6.629013
6.571577
6.47935
6.413606
6.327994
6.245959
6.182232
6.109775
6.072772
5.999373
5.87565
5.783306
5.73113
5.671082
5.585387
5.505496
5.446178
5.364345
5.281731
5.227883
5.160568
5.077688
4.985509
4.90796
4.83709
4.771117
4.704764
4.621422
4.552595
4.481042
4.404956
4.3401
4.276173
4.190329
4.1128
4.039639
3.980518
3.915429
3.838567
3.772983
3.702681
3.630152
3.565612
3.488075
3.409804
3.35015
3.306085
3.238846
3.134821
3.058532
3.008608
2.94014
2.867508
2.793638
2.729295
2.659787
2.594561
2.534058
2.465384
2.390405
2.325923
2.262195
2.202288
2.137287
2.066883
2.000839
1.929016
1.865092
1.801132
1.736622
1.678248
1.610532
1.542657
1.474463
1.404444
1.328698
1.282342
1.307706
1.185177
1.052809
1.048199
0.988303
0.906337
0.941969
0.854596
0.696162
0.596289
0.620828
0.566559
0.456161
0.378351
0.349013
0.311781
0.248636
0.172809
0.10018
