0.922121
0.919086
0.919651
0.919859
0.919942
0.920592
0.92128
0.923479
0.926426
0.927842
0.928552
0.931163
0.934363
0.933217
0.93186
0.932938
0.933157
0.93672
0.940567
0.938348
0.938783
0.942784
0.945351
0.944898
0.946812
0.949869
0.95088
0.950609
0.951224
0.951777
0.952047
0.953335
0.954043
0.953852
0.955284
0.956733
0.956416
0.957241
0.958584
0.959188
0.960613
0.962381
0.963819
0.965182
0.966022
0.965557
0.965972
0.967274
0.967993
0.969224
0.970626
0.970437
0.970378
0.971516
0.972469
0.974273
0.976456
0.976388
0.975485
0.975408
0.975891
0.978192
0.980694
0.979767
0.980964
0.982949
0.983297
0.983839
0.985152
0.986111
0.986186
0.986154
0.986329
0.986634
0.987021
0.987628
0.988361
0.988806
0.988985
0.989296
0.990187
0.991182
0.991206
0.99101
0.990874
0.990807
0.992323
0.993927
0.9931
0.992567
0.992915
0.992829
0.993449
0.994118
0.993973
0.99415
0.99433
0.994577
0.995125
0.995839
0.996446
0.996544
0.996643
0.997356
0.998672
0.999764
1.000006
1.000057
1.000233
1.000345
1.000512
1.000605
1.000646
1.000681
1.000693
1.00089
1.001078
1.00083
1.000599
1.000714
1.000637
1.000551
1.000612
1.000714
1.00078
1.000844
1.000904
1.000814
1.000664
1.000627
1.000682
1.00071
1.000691
1.000639
1.000577
1.000503
1.000494
1.000489
1.000435
1.00041
1.000254
1.000065
0.999937
0.999849
0.999887
0.999971
1.000012
0.999904
0.999857
0.99981
0.999697
0.999527
0.99942
0.999544
0.999598
0.999417
0.999164
0.999089
0.9991
0.999096
0.999051
0.999036
0.999046
0.999019
0.99894
0.998861
0.998784
0.998726
0.99881
0.998781
0.99871
0.99882
0.998959
0.998859
0.998691
0.998708
0.998814
0.998899
0.998905
0.998888
0.998841
0.998944
0.998943
0.998871
0.999012
0.999068
0.998903
0.998574
0.99841
0.998661
0.998867
0.999112
0.999046
0.999263
0.999505
0.999129
0.998648
0.998525
0.998745
0.998862
