23.812771
23.860649
23.699141
23.69681
23.713461
23.676611
23.63426
23.62501
23.4207
23.506639
23.513121
23.38003
23.245701
23.257919
23.35021
23.28336
23.2491
23.25252
23.228901
23.266359
23.280319
23.02626
23.09009
22.98229
23.054911
22.823191
22.988091
23.010481
22.827881
22.81455
22.709431
22.542629
22.53014
22.62442
22.55559
22.44249
22.389311
22.348921
22.245251
22.250719
22.214319
22.087099
22.161831
21.927219
21.8857
21.80105
21.72193
21.748631
21.623989
21.49007
21.600679
21.36586
21.320681
21.3414
21.26408
21.12516
21.11692
20.997561
20.917999
20.798269
20.786751
20.71102
20.59337
20.57642
20.45236
20.365339
20.23732
20.23535
20.143459
19.99741
19.958599
19.86414
19.80493
19.68816
19.60519
19.497561
19.414829
19.389931
19.249969
19.095881
19.05426
18.956881
18.849291
18.77664
18.68191
18.57765
18.48374
18.40962
18.292641
18.19677
18.11153
17.991261
17.921301
17.77223
17.700939
17.55077
17.49449
17.363649
17.24929
17.13199
16.982691
16.890221
16.72716
16.62986
16.48675
16.366261
16.182289
16.04524
15.90222
15.72215
15.55017
15.37006
15.30761
15.10174
14.95272
14.83882
14.64716
14.54554
14.38736
14.21431
14.09258
13.93777
13.82164
13.62515
13.48547
13.30219
13.12738
12.96338
12.8152
12.62464
12.44361
12.27605
12.09296
11.91304
11.74817
11.56091
11.37154
11.19114
11.01268
10.8468
10.65147
10.46346
10.28413
10.11372
9.944386
9.750731
9.59326
9.415863
9.229874
9.044912
8.869411
8.70412
8.540099
8.346061
8.166625
8.008302
7.819788
7.647933
7.471247
7.296432
7.114738
6.943755
6.780674
6.58603
6.415497
6.233309
6.055864
5.880398
5.695674
5.529093
5.353106
5.164552
4.983754
4.81486
4.635342
4.463931
4.282682
4.096167
3.925692
3.740109
3.553447
3.466833
3.174238
3.027454
2.906136
2.689373
2.521358
2.336927
2.126422
1.978774
1.799774
1.558943
1.433081
1.251181
1.06337
0.892446
0.704082
0.561967
0.435302
0.21886
