0.753315
0.757766
0.75533
0.761348
0.762094
0.763513
0.765204
0.763959
0.767613
0.769026
0.772728
0.774433
0.778074
0.77873
0.778893
0.782692
0.782294
0.78497
0.785523
0.789776
0.789001
0.791832
0.792984
0.796362
0.794608
0.796964
0.802635
0.801034
0.805516
0.80482
0.807406
0.809693
0.8126
0.811821
0.814903
0.816707
0.818444
0.820442
0.822802
0.824307
0.826251
0.826114
0.828857
0.830261
0.833128
0.833449
0.835863
0.837524
0.840204
0.843469
0.843543
0.845264
0.847033
0.847353
0.8517
0.85171
0.853644
0.855438
0.857712
0.860012
0.860599
0.863567
0.864014
0.866118
0.868607
0.869904
0.871935
0.873368
0.87434
0.877403
0.878615
0.880248
0.881386
0.8826
0.885391
0.887021
0.888259
0.890096
0.892012
0.89457
0.895646
0.89697
0.898473
0.900711
0.902188
0.904968
0.905104
0.90754
0.909625
0.91068
0.912176
0.913692
0.914912
0.916445
0.917725
0.919599
0.920938
0.922721
0.923103
0.924223
0.926227
0.927016
0.928378
0.929385
0.931079
0.931738
0.932068
0.933208
0.934647
0.935463
0.936548
0.93765
0.938512
0.939619
0.941094
0.942159
0.943452
0.945106
0.945781
0.94685
0.948556
0.950092
0.950895
0.95278
0.953215
0.955192
0.955567
0.957299
0.958152
0.959884
0.960226
0.961098
0.962471
0.963317
0.964484
0.965164
0.966188
0.966656
0.967828
0.968789
0.969544
0.970168
0.971119
0.971804
0.972891
0.973677
0.974201
0.974834
0.97598
0.976605
0.977497
0.978435
0.979102
0.97986
0.980251
0.981195
0.98182
0.982739
0.983468
0.984154
0.984849
0.985569
0.986016
0.986603
0.98736
0.987839
0.988621
0.989434
0.989859
0.990334
0.990675
0.991409
0.991893
0.992232
0.99276
0.993326
0.993701
0.994288
0.994519
0.994926
0.995073
0.995019
0.996565
0.995633
0.996066
0.997134
0.996709
0.996662
0.997771
0.997396
0.997461
0.998122
0.998455
0.998648
0.998781
0.998254
0.99863
0.998771
0.999291
0.999396
