61.44162
61.359531
60.931492
61.096191
60.553371
60.864208
60.59119
60.097649
60.2906
59.993809
59.958858
59.67017
59.688862
59.357479
59.173962
59.074661
58.95237
58.899441
58.365231
58.34515
58.25676
57.95121
57.753731
57.503571
57.512299
57.179749
57.19537
56.84964
56.6101
56.61298
56.493839
56.0257
55.909599
55.5434
55.49625
55.32513
55.105019
54.860821
54.695381
54.56683
54.241249
54.031342
53.73597
53.586369
53.427399
53.06406
52.743778
52.695648
52.55616
52.527809
52.183472
51.976662
51.778049
51.254429
51.10313
50.990879
50.796379
50.56778
50.25951
50.05978
49.627029
49.611778
49.32531
48.958931
48.818779
48.595169
48.417099
47.987431
47.750408
47.548359
47.33606
47.072281
46.849289
46.52409
46.342659
46.023102
45.727829
45.545761
45.233059
45.04932
44.75919
44.50317
44.136139
43.896969
43.595711
43.38858
43.040199
42.81601
42.444561
42.172298
41.87389
41.608429
41.297642
41.045979
40.720539
40.456379
40.217701
39.81543
39.475899
39.28437
38.894058
38.627102
38.290859
37.963322
37.766628
37.521542
37.122601
36.848301
36.494461
36.142899
35.826481
35.5578
35.239399
34.854519
34.497749
34.102299
33.854488
33.52977
33.15218
32.84568
32.446991
32.081772
31.810909
31.31776
31.04488
30.71699
30.24472
29.9191
29.58983
29.19545
28.8876
28.450029
28.155569
27.767099
27.38196
27.01996
26.64712
26.246901
25.88879
25.503151
25.12751
24.756069
24.35088
23.96907
23.57584
23.189489
22.810841
22.40304
22.027031
21.617371
21.228979
20.82132
20.41235
20.00396
19.598301
19.23082
18.81085
18.401621
17.97398
17.57452
17.1621
16.75279
16.350031
15.92188
15.50549
15.09233
14.65602
14.26606
13.83648
13.40237
12.98157
12.57219
12.13794
11.69861
11.28472
10.85506
10.44189
9.998919
9.57876
9.138929
8.703854
8.690473
7.798915
7.460424
7.123737
6.566565
6.280972
5.808161
5.204085
4.916643
4.371704
3.929299
3.478684
3.122107
2.592897
2.199444
1.751971
1.330348
0.881907
0.445164
