0.576579
0.580438
0.582495
0.587288
0.586613
0.590203
0.590026
0.596234
0.594945
0.596301
0.601545
0.603567
0.60647
0.607508
0.608742
0.61082
0.616183
0.618447
0.619133
0.62419
0.621746
0.62729
0.629513
0.62901
0.63276
0.635182
0.638087
0.640971
0.645856
0.64645
0.647794
0.65302
0.652201
0.653445
0.657478
0.659524
0.66359
0.665399
0.667624
0.671069
0.672437
0.675684
0.675938
0.6803
0.683414
0.684981
0.687671
0.689298
0.691954
0.696171
0.699169
0.701411
0.700387
0.704135
0.709271
0.711749
0.714067
0.716938
0.718929
0.72133
0.723858
0.726445
0.727347
0.732005
0.734118
0.736129
0.740745
0.741335
0.745328
0.746486
0.748409
0.751882
0.754421
0.75886
0.760945
0.762106
0.765917
0.769129
0.771154
0.773107
0.77579
0.779282
0.780775
0.784273
0.786942
0.789323
0.791842
0.796166
0.798365
0.799616
0.803238
0.805112
0.807716
0.811143
0.8145
0.816781
0.818779
0.821435
0.823874
0.827088
0.829905
0.832262
0.835015
0.837726
0.842322
0.846699
0.848341
0.851336
0.853329
0.85699
0.857984
0.862647
0.862935
0.866217
0.868491
0.871782
0.873411
0.875182
0.877898
0.881203
0.882986
0.885808
0.887805
0.890064
0.893192
0.894242
0.897305
0.899461
0.90169
0.903495
0.906701
0.908326
0.910925
0.913094
0.915264
0.917727
0.919866
0.921608
0.924078
0.927011
0.928414
0.930828
0.933156
0.933897
0.936622
0.938464
0.94084
0.942374
0.944774
0.94643
0.948604
0.950092
0.952039
0.954164
0.955865
0.957174
0.958951
0.96058
0.962093
0.96377
0.965697
0.967145
0.968637
0.970192
0.971527
0.973036
0.974559
0.975614
0.977018
0.978575
0.979666
0.981037
0.98229
0.9832
0.984506
0.985633
0.986685
0.987817
0.988693
0.989556
0.990453
0.989745
0.992073
0.992417
0.993041
0.993974
0.994061
0.995769
0.995653
0.996318
0.997052
0.997547
0.997952
0.998929
0.998761
0.999149
0.999555
0.998827
0.999717
0.999953
