-17.00523
-16.975849
-16.888981
-16.76465
-16.70422
-16.652781
-16.63056
-16.613251
-16.425579
-16.18186
-16.06773
-16.16094
-16.23443
-16.131599
-15.89935
-15.72734
-15.78955
-15.68238
-15.47111
-15.30586
-15.3274
-15.38945
-15.32588
-15.21707
-15.07879
-14.98228
-14.91636
-14.88262
-14.79543
-14.65679
-14.51459
-14.44113
-14.40493
-14.42313
-14.32231
-14.17655
-14.12481
-14.05021
-13.8847
-13.77815
-13.77634
-13.71814
-13.6529
-13.55962
-13.4435
-13.41148
-13.3348
-13.26324
-13.13698
-13.01273
-12.99155
-12.85113
-12.67785
-12.7215
-12.71265
-12.61832
-12.49718
-12.34871
-12.24566
-12.19971
-12.12549
-12.03646
-11.95048
-11.86147
-11.79825
-11.74385
-11.68915
-11.57946
-11.43814
-11.36012
-11.27334
-11.17364
-11.1141
-11.02031
-10.89122
-10.79653
-10.75601
-10.66373
-10.54731
-10.4998
-10.39007
-10.21927
-10.123
-10.08966
-10.00612
-9.890446
-9.806742
-9.753577
-9.648477
-9.515969
-9.397925
-9.283113
-9.215206
-9.136017
-9.021571
-8.914935
-8.817876
-8.707201
-8.593918
-8.511806
-8.434541
-8.332297
-8.230806
-8.131067
-8.047666
-7.960695
-7.872166
-7.803669
-7.734064
-7.669989
-7.5906
-7.512563
-7.471785
-7.403386
-7.308814
-7.237371
-7.153341
-7.073779
-6.985558
-6.902948
-6.849794
-6.783451
-6.708369
-6.654601
-6.591552
-6.517742
-6.433383
-6.376978
-6.328038
-6.270139
-6.208856
-6.147057
-6.085325
-6.022134
-5.976263
-5.909398
-5.825636
-5.758061
-5.684396
-5.661606
-5.575387
-5.447655
-5.377119
-5.318828
-5.247724
-5.173784
-5.089197
-4.998585
-4.898479
-4.839387
-4.761804
-4.665039
-4.583302
-4.4986
-4.419842
-4.332052
-4.257708
-4.154753
-4.051569
-3.994397
-3.918056
-3.802132
-3.697882
-3.615633
-3.517523
-3.424214
-3.338277
-3.287909
-3.189523
-3.05762
-2.969232
-2.86994
-2.783873
-2.718704
-2.614306
-2.501315
-2.426316
-2.334495
-2.212058
-2.090349
-2.003354
-2.019352
-1.93491
-1.799018
-1.697733
-1.5858
-1.497763
-1.380154
-1.249412
-1.198265
-1.060493
-0.881507
-0.829106
-0.743097
-0.562071
-0.439569
-0.407391
-0.314817
-0.146067
0.054556
