1.158358
1.158011
1.158147
1.159053
1.158835
1.157602
1.156655
1.154645
1.152574
1.154445
1.156564
1.154851
1.153121
1.151691
1.14921
1.147686
1.147773
1.145979
1.144561
1.146194
1.147316
1.146263
1.145065
1.14275
1.140354
1.140461
1.140002
1.139518
1.137483
1.135309
1.135453
1.135155
1.134046
1.130983
1.126859
1.126386
1.126787
1.126596
1.125557
1.123902
1.122933
1.122684
1.121676
1.120264
1.119121
1.115912
1.112795
1.113504
1.113839
1.112919
1.112252
1.11139
1.110439
1.109512
1.109003
1.107117
1.104749
1.103659
1.103299
1.103028
1.101532
1.100313
1.099891
1.09841
1.096384
1.095343
1.094797
1.093712
1.09272
1.091696
1.090105
1.088905
1.088793
1.08773
1.086065
1.085184
1.084467
1.083245
1.081648
1.080129
1.078928
1.077481
1.076278
1.076077
1.075487
1.074556
1.073266
1.071542
1.069935
1.069316
1.068319
1.066856
1.065881
1.065165
1.064206
1.062735
1.061391
1.060838
1.059838
1.058622
1.058175
1.057346
1.056069
1.054883
1.053789
1.052495
1.051239
1.050406
1.049922
1.049025
1.047784
1.046777
1.045842
1.045051
1.04418
1.042973
1.041724
1.040934
1.039881
1.038696
1.037832
1.03674
1.035681
1.034637
1.033618
1.033016
1.031877
1.030384
1.029502
1.029103
1.028391
1.027403
1.026297
1.025319
1.024587
1.02396
1.023059
1.022121
1.021314
1.020314
1.019711
1.01946
1.018723
1.017749
1.017063
1.016539
1.016008
1.015344
1.014764
1.014131
1.013084
1.012112
1.011895
1.01121
1.010228
1.010046
1.009667
1.009108
1.008527
1.008043
1.007737
1.007192
1.006552
1.005931
1.005419
1.005329
1.00507
1.004657
1.003983
1.003135
1.002764
1.002698
1.002635
1.002439
1.002133
1.001606
1.001089
1.001332
1.001029
1.000688
1.001528
1.002138
1.001354
1.000449
1.000665
1.000961
1.001195
1.001605
1.001588
1.001494
1.00026
0.998395
0.999305
1.000542
1.000371
1.000066
0.999544
0.999126
0.998984
0.999187
