13.75606
13.73283
13.67698
13.59524
13.54457
13.53369
13.50946
13.45907
13.27132
13.11168
13.16221
13.21472
13.06008
12.96343
12.933
12.88381
12.84606
12.7916
12.62393
12.41126
12.20621
12.05918
11.99421
12.00944
12.00812
11.98148
11.87841
11.80623
11.80318
11.70567
11.55947
11.41615
11.28823
11.2597
11.23146
11.18552
11.14258
11.08718
10.85822
10.6272
10.68051
10.63927
10.52803
10.47216
10.40949
10.34936
10.28505
10.28308
10.28973
10.16436
9.985753
9.948445
9.808266
9.625127
9.650082
9.656472
9.541101
9.41314
9.307452
9.263484
9.227935
9.130669
9.009846
8.980551
8.946099
8.906632
8.814973
8.679083
8.561307
8.508673
8.492007
8.423775
8.293803
8.217533
8.24188
8.160985
7.983033
7.873378
7.856681
7.839868
7.750145
7.65099
7.612677
7.553894
7.457964
7.381761
7.304707
7.230462
7.138146
7.07203
7.046875
7.001371
6.905359
6.784767
6.715366
6.703194
6.612106
6.50547
6.469284
6.412118
6.296483
6.197554
6.165956
6.142855
6.115392
6.069739
5.987101
5.899035
5.832432
5.759437
5.679496
5.612089
5.552283
5.477536
5.39261
5.309238
5.249043
5.202968
5.131027
5.046808
4.97017
4.899119
4.828419
4.762903
4.691762
4.629608
4.563666
4.492122
4.421156
4.358315
4.289826
4.212714
4.150628
4.087489
4.021887
3.956604
3.878916
3.803436
3.745882
3.691191
3.61543
3.553051
3.493846
3.416582
3.351821
3.291609
3.227828
3.159694
3.105042
3.038773
2.974642
2.905753
2.837643
2.773377
2.708939
2.645059
2.58936
2.533564
2.471251
2.397199
2.343458
2.287565
2.222539
2.167466
2.104691
2.048018
1.978316
1.919228
1.868865
1.791331
1.727128
1.695898
1.63618
1.557029
1.505005
1.444976
1.382069
1.324059
1.264523
1.20729
1.159062
1.169921
1.0773
0.971278
0.978407
0.901427
0.786472
0.736402
0.710991
0.667381
0.601629
0.527583
0.453699
0.388332
0.342648
0.302531
0.257277
0.208746
0.14971
0.059735
