1.0991
1.105232
1.102037
1.098848
1.099645
1.10032
1.100454
1.101496
1.101459
1.10114
1.101386
1.100253
1.098641
1.09784
1.096665
1.095387
1.09544
1.095673
1.0959
1.095927
1.096182
1.096284
1.095624
1.095675
1.09579
1.09266
1.0887
1.09196
1.097256
1.095003
1.090812
1.090404
1.088987
1.087378
1.087559
1.087056
1.086199
1.085819
1.085473
1.08543
1.084888
1.082935
1.080626
1.080792
1.081238
1.080229
1.079199
1.078822
1.078253
1.07748
1.076435
1.075078
1.075009
1.075164
1.074314
1.073345
1.072124
1.071205
1.070705
1.069674
1.068401
1.068363
1.068479
1.067377
1.06583
1.065066
1.064716
1.064428
1.06407
1.063498
1.062954
1.062825
1.061915
1.06058
1.059585
1.059431
1.058993
1.058248
1.05752
1.05744
1.057195
1.056199
1.05481
1.053654
1.052667
1.05266
1.052557
1.051713
1.051301
1.050192
1.04871
1.048392
1.04749
1.046628
1.046406
1.045599
1.044083
1.043063
1.04311
1.042619
1.041421
1.04066
1.040505
1.040522
1.040714
1.040805
1.040352
1.03973
1.038779
1.037795
1.037014
1.036354
1.036238
1.035657
1.03444
1.033577
1.032969
1.032085
1.031379
1.03098
1.030374
1.029524
1.028623
1.027999
1.02734
1.026584
1.025748
1.025147
1.024557
1.023829
1.023189
1.022738
1.022027
1.021189
1.020659
1.019943
1.019118
1.018523
1.017984
1.017744
1.01721
1.016424
1.015663
1.014919
1.014323
1.01386
1.013449
1.012901
1.012311
1.011835
1.011312
1.010758
1.01033
1.01017
1.009744
1.009179
1.008618
1.008097
1.007914
1.007467
1.006747
1.006484
1.006156
1.005653
1.005326
1.004959
1.004485
1.004346
1.004152
1.003771
1.003371
1.003165
1.00297
1.002779
1.002469
1.002123
1.001902
1.001565
1.001184
1.001256
1.001098
1.000903
1.00114
1.00144
1.001362
1.001109
1.001274
1.001594
1.00085
1.000008
0.999847
0.999799
0.999734
1.000046
1.000506
1.000852
1.000251
0.999683
0.999513
0.999948
