-16.715281
-16.58445
-16.47241
-16.459299
-16.451611
-16.37221
-16.29517
-16.137409
-15.99363
-16.07037
-15.99919
-15.78248
-15.59527
-15.6028
-15.58371
-15.53143
-15.48642
-15.45014
-15.39352
-15.31373
-15.23096
-15.12466
-15.03689
-15.00916
-14.92866
-14.79729
-14.67
-14.6247
-14.52408
-14.43212
-14.35479
-14.27622
-14.20852
-14.16434
-14.06242
-13.94109
-13.8815
-13.83965
-13.76934
-13.7001
-13.63734
-13.61743
-13.50831
-13.36216
-13.27015
-13.14013
-12.9917
-12.97304
-12.91219
-12.83527
-12.80195
-12.75429
-12.66451
-12.53083
-12.3791
-12.31932
-12.29883
-12.2844
-12.20962
-12.10753
-11.99974
-11.89194
-11.83488
-11.75417
-11.63193
-11.54759
-11.47492
-11.40036
-11.28708
-11.15783
-11.11276
-11.02549
-10.88615
-10.84797
-10.78252
-10.67093
-10.59401
-10.53342
-10.45925
-10.39407
-10.30206
-10.17847
-10.06604
-9.987025
-9.891582
-9.806974
-9.707682
-9.595181
-9.550942
-9.468591
-9.317553
-9.194912
-9.137385
-9.050076
-8.92698
-8.859877
-8.776983
-8.664161
-8.565524
-8.487135
-8.396969
-8.299058
-8.213478
-8.132187
-8.062943
-7.989575
-7.918807
-7.842477
-7.769267
-7.709507
-7.642059
-7.556515
-7.478951
-7.428344
-7.347378
-7.245826
-7.193756
-7.125677
-7.027665
-6.94839
-6.871661
-6.78743
-6.706871
-6.659807
-6.609
-6.533286
-6.454217
-6.405112
-6.349693
-6.271733
-6.206827
-6.133751
-6.064815
-6.009017
-5.940195
-5.854373
-5.787679
-5.739666
-5.664819
-5.583621
-5.512985
-5.441235
-5.370665
-5.270391
-5.182888
-5.146759
-5.079748
-4.984157
-4.89541
-4.80629
-4.718984
-4.627949
-4.540289
-4.449803
-4.393675
-4.337302
-4.235497
-4.125371
-4.053656
-3.953854
-3.832255
-3.748777
-3.687459
-3.597117
-3.472414
-3.394602
-3.326702
-3.237193
-3.143403
-3.045602
-2.976206
-2.884458
-2.750286
-2.626414
-2.531272
-2.480382
-2.397392
-2.284123
-2.191954
-2.075328
-1.954601
-1.917379
-1.868883
-1.826843
-1.637394
-1.426964
-1.436631
-1.392039
-1.254026
-1.095929
-0.925275
-0.846406
-0.834008
-0.779316
-0.640873
-0.491593
-0.430198
-0.317651
-0.152641
-0.06998
