1.163632
1.164269
1.161701
1.158597
1.158416
1.157061
1.154306
1.153451
1.15314
1.152256
1.152159
1.152247
1.150353
1.147766
1.14811
1.148544
1.14738
1.145919
1.144872
1.144816
1.143556
1.141897
1.140099
1.138286
1.137816
1.137508
1.136307
1.135216
1.135232
1.135312
1.134016
1.13114
1.127351
1.126133
1.126257
1.126042
1.125729
1.125725
1.125453
1.123525
1.121406
1.121449
1.11987
1.1179
1.118377
1.118302
1.117765
1.11713
1.114901
1.112615
1.112272
1.11142
1.110327
1.109424
1.108433
1.107446
1.10619
1.105105
1.104439
1.103206
1.101739
1.100611
1.100033
1.099072
1.097412
1.096253
1.096292
1.095476
1.094277
1.09297
1.091457
1.090051
1.089019
1.088526
1.086895
1.085271
1.084887
1.083798
1.082671
1.081356
1.079684
1.078434
1.077261
1.076455
1.075722
1.07488
1.07391
1.072986
1.071329
1.06941
1.068639
1.067873
1.06674
1.065722
1.064377
1.06305
1.062314
1.061841
1.060497
1.0588
1.057681
1.057127
1.05619
1.054825
1.053786
1.052907
1.051665
1.050649
1.049952
1.04907
1.047593
1.046518
1.046317
1.045419
1.043997
1.042843
1.041784
1.040843
1.039683
1.038378
1.037329
1.036488
1.035516
1.034699
1.033641
1.03212
1.030577
1.03002
1.029495
1.028636
1.027494
1.026307
1.025798
1.025154
1.024034
1.023047
1.022199
1.021455
1.020653
1.019608
1.018777
1.018182
1.017682
1.016982
1.016327
1.015711
1.014965
1.014223
1.013376
1.012769
1.012654
1.012064
1.011189
1.011012
1.010315
1.009518
1.009218
1.008565
1.007566
1.007203
1.007061
1.006887
1.006379
1.005775
1.005297
1.004604
1.003952
1.003624
1.00336
1.003332
1.002949
1.002451
1.002264
1.002018
1.001467
1.000954
1.000786
1.000641
1.000353
0.999834
0.999504
1.00028
1.000732
0.999884
0.999258
0.999017
0.998815
0.998915
0.998706
0.998601
0.999143
0.999744
0.999789
0.999259
0.99834
0.99749
0.997643
0.998132
0.998662
0.999136
