22.787571
22.67165
22.53681
22.503731
22.53064
22.615391
22.65696
22.595249
22.548189
22.410641
22.41967
22.66515
22.433371
22.41935
22.25424
22.320801
22.27058
22.291809
22.10512
22.224051
22.334299
22.03491
21.950529
22.075439
21.932859
21.87455
21.894871
21.767441
21.682711
21.848881
21.73727
21.581369
21.553949
21.530689
21.56476
21.379181
21.48172
21.38508
21.33061
21.192221
21.198521
21.186859
21.1059
21.01631
20.976379
20.963249
20.823721
20.835449
20.65831
20.73292
20.55282
20.57386
20.472321
20.40884
20.314631
20.196159
20.1392
20.108681
20.064289
19.950609
19.85148
19.81081
19.76758
19.673309
19.563231
19.507759
19.47551
19.408979
19.26086
19.24044
19.13863
19.02762
18.97665
18.86237
18.809759
18.739059
18.61537
18.58313
18.47374
18.36182
18.29007
18.221621
18.125311
18.03616
17.95854
17.831631
17.75466
17.67938
17.586399
17.492319
17.37685
17.273331
17.2129
17.07868
17.004009
16.89234
16.79664
16.67522
16.56184
16.483141
16.334419
16.20652
16.10059
15.97029
15.86773
15.71683
15.53234
15.39148
15.26725
15.0998
14.9588
14.83888
14.6771
14.52
14.37888
14.26206
14.08702
13.98328
13.83257
13.70171
13.54164
13.38988
13.26793
13.07779
12.93892
12.76863
12.60992
12.4292
12.27643
12.09448
11.95572
11.78391
11.59307
11.42102
11.23666
11.06469
10.91005
10.71912
10.55693
10.40053
10.19866
10.02213
9.855308
9.717979
9.524413
9.349027
9.199382
9.027351
8.848756
8.674459
8.510976
8.339989
8.167934
8.014148
7.836184
7.669776
7.510524
7.335992
7.159657
6.990077
6.826501
6.669164
6.486098
6.309469
6.155169
5.988861
5.819936
5.628889
5.471275
5.294223
5.126262
4.956254
4.788222
4.615203
4.434596
4.272181
4.114943
3.930569
3.756993
3.59757
3.368772
3.351521
3.072697
2.923253
2.762544
2.575183
2.461441
2.317797
2.055737
1.904653
1.688191
1.544987
1.334551
1.211197
1.014686
0.840564
0.71215
0.479478
0.522469
0.271929
