0.76431
0.763953
0.766677
0.767999
0.771348
0.769158
0.772527
0.774683
0.774283
0.776372
0.780246
0.778971
0.784677
0.785772
0.78841
0.789895
0.790682
0.790933
0.791681
0.793145
0.796875
0.800507
0.799797
0.801934
0.803881
0.806651
0.807337
0.809458
0.812388
0.812458
0.813475
0.816952
0.816232
0.817089
0.820245
0.82175
0.825094
0.826573
0.82761
0.830698
0.832048
0.832287
0.836244
0.837498
0.838417
0.840518
0.842937
0.844328
0.844904
0.847178
0.848704
0.849139
0.853681
0.854972
0.854894
0.858295
0.85955
0.861599
0.862809
0.863272
0.866111
0.869256
0.870698
0.872083
0.873401
0.874605
0.875905
0.878171
0.881488
0.881694
0.883297
0.886105
0.887392
0.889147
0.889645
0.891888
0.89329
0.894786
0.896524
0.898362
0.900426
0.901376
0.904008
0.904756
0.907475
0.909513
0.909708
0.912025
0.91395
0.915237
0.916709
0.91833
0.919433
0.921157
0.92237
0.924091
0.924941
0.926615
0.927413
0.92842
0.929833
0.930822
0.932085
0.932757
0.933351
0.934636
0.936051
0.93685
0.937783
0.939032
0.939281
0.940302
0.942564
0.94282
0.944365
0.945698
0.946595
0.9482
0.949152
0.950249
0.951685
0.952656
0.954344
0.955533
0.956124
0.957956
0.958043
0.959372
0.960734
0.961727
0.962564
0.963798
0.964543
0.965292
0.966055
0.966937
0.967961
0.968541
0.969471
0.970376
0.970839
0.97173
0.972318
0.9731
0.973876
0.974804
0.97545
0.976399
0.976992
0.977527
0.978702
0.979107
0.97985
0.980569
0.981373
0.982231
0.982904
0.98355
0.984029
0.984866
0.985435
0.986162
0.986843
0.987528
0.988155
0.988724
0.989157
0.989822
0.9902
0.990902
0.991398
0.991758
0.992365
0.992786
0.993325
0.993674
0.994617
0.994593
0.994863
0.995432
0.994605
0.994454
0.996092
0.996336
0.99522
0.997709
0.997136
0.997087
0.998016
0.998344
0.997365
0.998123
0.998038
0.998081
0.998644
0.998641
0.999229
0.998825
0.998634
0.999037
