37.029579
37.525299
37.550381
37.953018
37.924259
37.778591
37.83493
38.150612
37.93581
38.006031
38.482609
38.266171
38.237801
38.615551
38.322731
38.561588
38.727489
38.868561
38.698189
38.769909
39.06871
39.06308
39.02211
39.186531
39.326599
39.47953
39.195499
39.39053
39.390678
39.542511
39.515991
39.5186
39.50985
39.5947
39.781219
39.765469
39.664749
39.65657
39.824532
39.877659
39.79121
39.886219
39.933979
39.888359
39.91795
39.849621
40.005459
39.87508
39.881561
39.800739
39.875019
39.9016
39.925152
39.950909
39.8013
39.84148
39.797371
39.79213
39.785358
39.687592
39.73082
39.68177
39.52742
39.586231
39.518761
39.523441
39.415192
39.310421
39.322811
39.24427
39.231998
39.140072
38.965912
38.895081
38.937901
38.755451
38.750549
38.59063
38.513142
38.453892
38.3246
38.179409
38.155651
38.032021
37.907749
37.756161
37.627048
37.54525
37.3615
37.34882
37.143009
37.039902
36.835361
36.682098
36.480068
36.42831
36.254372
36.071621
35.948582
35.71085
35.532051
35.368599
35.17313
34.986591
34.776081
34.538021
34.38895
34.15955
33.927521
33.69651
33.366421
33.257912
32.999481
32.652439
32.372429
32.15451
31.81147
31.50354
31.218161
31.015421
30.670919
30.35697
30.15645
29.784901
29.53393
29.186899
28.861811
28.541389
28.260571
27.955561
27.635441
27.227659
26.90996
26.57123
26.21176
25.851391
25.481359
25.14102
24.73245
24.343439
23.966619
23.61237
23.156059
22.797119
22.41448
22.01803
21.65143
21.24711
20.86429
20.44311
20.026091
19.64113
19.262819
18.829321
18.44486
18.062799
17.65415
17.23794
16.85463
16.444361
16.03891
15.63337
15.2398
14.83376
14.42613
14.02742
13.62975
13.22513
12.83609
12.43093
12.03919
11.62431
11.2301
10.82103
10.42284
10.02928
9.61513
9.227053
8.826859
8.428932
7.812104
7.811441
7.040764
6.680021
6.390229
5.869849
5.611007
5.184066
4.70029
4.431932
3.955041
3.537546
3.11307
2.751794
2.35147
1.946809
1.553076
1.185393
0.799924
0.410262
