0.44438
0.444068
0.445509
0.448276
0.449209
0.453786
0.453661
0.457431
0.459077
0.460928
0.462272
0.465433
0.466748
0.469042
0.472115
0.475335
0.476638
0.478637
0.481113
0.482958
0.486268
0.488349
0.491251
0.493682
0.496269
0.497866
0.500598
0.503518
0.507684
0.509415
0.512209
0.513532
0.516186
0.519218
0.52113
0.524527
0.527061
0.52987
0.532882
0.535906
0.537992
0.541632
0.544652
0.54776
0.550125
0.552071
0.556138
0.557432
0.561411
0.565725
0.568952
0.570369
0.573083
0.576884
0.580091
0.583881
0.588064
0.589976
0.593638
0.596546
0.599245
0.603028
0.606836
0.609566
0.613697
0.617391
0.62056
0.62346
0.626993
0.631043
0.635212
0.63732
0.641819
0.645065
0.649156
0.652504
0.656172
0.660867
0.664415
0.666915
0.671846
0.675565
0.680005
0.683147
0.687133
0.690378
0.69471
0.699636
0.703243
0.706862
0.710194
0.714499
0.718987
0.722348
0.726704
0.730517
0.734568
0.738842
0.742306
0.745679
0.750076
0.753557
0.756833
0.760431
0.765929
0.767443
0.771389
0.775229
0.778729
0.781617
0.784989
0.78942
0.791932
0.795531
0.79855
0.802159
0.805382
0.809105
0.812071
0.815215
0.818414
0.822217
0.825372
0.828002
0.832601
0.835213
0.838846
0.843751
0.847145
0.85145
0.85474
0.857953
0.862365
0.865977
0.869495
0.873336
0.876976
0.880404
0.884093
0.886917
0.891084
0.894441
0.897987
0.901856
0.904375
0.907529
0.910513
0.913591
0.917312
0.91979
0.92271
0.925693
0.928386
0.93139
0.934331
0.936432
0.939371
0.94158
0.944691
0.946749
0.949283
0.951457
0.953588
0.956029
0.95826
0.960577
0.962599
0.964664
0.966593
0.968291
0.970155
0.971844
0.973517
0.975187
0.976776
0.978446
0.979719
0.981161
0.982542
0.983917
0.984391
0.985186
0.987622
0.988694
0.988968
0.990235
0.990853
0.992026
0.992798
0.993572
0.994817
0.994955
0.995018
0.995694
0.995651
0.996451
0.996733
0.997021
0.996901
0.997266
