8.577235
8.467696
8.34768
8.243765
8.155637
8.0481
7.944036
7.861158
7.737286
7.640892
7.549572
7.442898
7.331787
7.257351
7.149108
7.049062
6.968146
6.886866
6.768772
6.682569
6.602187
6.509416
6.425335
6.340617
6.244951
6.167975
6.088103
6.001797
5.91954
5.844165
5.750855
5.678326
5.588871
5.519217
5.449671
5.370147
5.301525
5.212738
5.142941
5.072741
4.994854
4.918508
4.87392
4.783352
4.715918
4.628655
4.57191
4.511378
4.446115
4.379207
4.308265
4.261519
4.201913
4.118304
4.082609
4.012231
3.951852
3.884178
3.828304
3.769918
3.702229
3.656845
3.599428
3.548584
3.49104
3.440052
3.380165
3.342141
3.284665
3.233624
3.182376
3.124812
3.077588
3.031265
2.981692
2.933534
2.885164
2.84935
2.798684
2.75257
2.70759
2.663064
2.623783
2.577385
2.539592
2.488982
2.453336
2.413529
2.374488
2.335957
2.294568
2.257801
2.218541
2.183485
2.1468
2.110904
2.074438
2.041959
2.006177
1.968283
1.939705
1.905507
1.871851
1.838369
1.823271
1.78522
1.754034
1.721078
1.690137
1.654784
1.630954
1.589713
1.564974
1.540733
1.508994
1.477157
1.454404
1.428145
1.398918
1.372725
1.345165
1.320008
1.296935
1.266522
1.245246
1.22162
1.193178
1.171022
1.148093
1.125178
1.100063
1.07932
1.055397
1.033763
1.011616
0.990534
0.968258
0.946927
0.927034
0.90556
0.887021
0.86574
0.84471
0.828038
0.807711
0.790019
0.769066
0.752807
0.732387
0.714544
0.696556
0.679269
0.661709
0.643739
0.627448
0.610646
0.593257
0.57702
0.560868
0.543878
0.527892
0.511212
0.496404
0.480586
0.465259
0.450786
0.434004
0.419114
0.402858
0.389353
0.372519
0.360364
0.346618
0.331051
0.318779
0.303513
0.288449
0.275485
0.262962
0.248247
0.234521
0.235122
0.202071
0.193554
0.184552
0.171226
0.157422
0.143256
0.12649
0.119194
0.107237
0.092699
0.082017
0.071461
0.057135
0.048965
0.040851
0.031829
0.018305
0.01001
