1.191489
1.249372
1.188192
1.186134
1.184546
1.182827
1.181044
1.179475
1.177557
1.17586
1.174044
1.172478
1.170701
1.169323
1.167209
1.165526
1.164081
1.162307
1.160633
1.158951
1.157472
1.155607
1.153966
1.152382
1.150495
1.148977
1.147537
1.145755
1.144342
1.142598
1.140873
1.139439
1.137759
1.136217
1.134668
1.133018
1.131429
1.129797
1.128451
1.126603
1.125248
1.123747
1.122186
1.120728
1.119174
1.117748
1.115964
1.11447
1.113059
1.111874
1.110333
1.108969
1.107346
1.106115
1.104581
1.103172
1.101806
1.100448
1.098939
1.097556
1.096207
1.094829
1.093606
1.092072
1.090799
1.089439
1.088088
1.086811
1.085538
1.084259
1.083076
1.081643
1.080597
1.079114
1.077917
1.076738
1.075577
1.074313
1.073119
1.071785
1.070684
1.069429
1.068389
1.066738
1.066049
1.064932
1.063901
1.06259
1.061468
1.060445
1.059381
1.058255
1.057182
1.056164
1.055162
1.054093
1.053124
1.052025
1.051031
1.050107
1.049038
1.048083
1.047179
1.046159
1.046079
1.045205
1.04415
1.043281
1.042366
1.041419
1.040554
1.039681
1.038922
1.037963
1.03708
1.03626
1.035438
1.034584
1.033799
1.033014
1.03221
1.031433
1.030671
1.02994
1.029199
1.028417
1.027632
1.026946
1.026276
1.025568
1.024893
1.024172
1.023569
1.022893
1.022249
1.021621
1.021009
1.020365
1.01976
1.019182
1.018596
1.018035
1.017448
1.016897
1.016345
1.015815
1.015304
1.014767
1.014276
1.013785
1.013311
1.012812
1.012317
1.011853
1.011423
1.01099
1.010564
1.010121
1.009725
1.009297
1.008906
1.008514
1.00814
1.007789
1.007423
1.007062
1.006711
1.006393
1.005998
1.005726
1.005415
1.005139
1.00485
1.004589
1.004303
1.004032
1.003803
1.003536
1.003284
1.00308
1.002849
1.00286
1.002418
1.002259
1.002128
1.001856
1.001828
1.001709
1.001445
1.00132
1.001227
1.001015
1.000921
1.000806
1.00074
1.000654
1.000572
1.000516
1.000445
1.000493
