-13.00211
-13.06231
-13.10243
-13.13398
-13.15816
-13.12917
-13.18243
-13.18131
-13.18109
-13.12951
-13.13285
-13.09168
-13.05253
-13.02367
-12.98357
-12.93034
-12.85556
-12.80715
-12.72668
-12.67303
-12.56195
-12.49731
-12.37587
-12.29613
-12.18757
-12.14762
-12.06541
-11.93355
-11.81931
-11.74148
-11.61795
-11.53216
-11.39877
-11.26927
-11.17981
-11.05692
-10.91411
-10.79365
-10.65018
-10.54673
-10.37529
-10.26485
-10.1236
-9.971437
-9.84873
-9.709968
-9.555695
-9.406605
-9.235338
-9.104154
-8.938122
-8.800447
-8.645783
-8.46699
-8.31163
-8.126581
-7.97762
-7.800565
-7.662321
-7.47562
-7.325243
-7.135707
-6.968914
-6.817416
-6.631888
-6.447427
-6.276234
-6.102406
-5.924657
-5.737619
-5.567759
-5.392455
-5.202992
-5.020302
-4.83893
-4.657165
-4.468932
-4.286866
-4.100573
-3.916079
-3.727556
-3.541726
-3.356696
-3.168006
-2.978434
-2.789798
-2.600793
-2.411282
-2.226124
-2.030353
-1.937656
-1.747074
-1.462972
-1.352337
-1.106846
-0.896804
-0.730598
-0.533028
-0.368257
-0.443949
