1.873777
1.768436
1.752488
1.737275
1.721704
1.706686
1.693149
1.678418
1.66501
1.652232
1.638943
1.625917
1.613297
1.601804
1.589718
1.578057
1.566921
1.556003
1.545281
1.53503
1.5245
1.514801
1.505844
1.496206
1.485734
1.477277
1.468714
1.459566
1.451326
1.442936
1.434796
1.426795
1.418808
1.41241
1.404472
1.397735
1.391146
1.383725
1.376806
1.371133
1.364532
1.358163
1.352693
1.346075
1.34027
1.33482
1.329672
1.324297
1.319202
1.314422
1.309347
1.304557
1.300134
1.295402
1.290937
1.286767
1.282861
1.278625
1.275149
1.271042
1.267395
1.263392
1.260077
1.256781
1.253796
1.250221
1.247439
1.244501
1.241791
1.238943
1.236372
1.233545
1.231323
1.229039
1.226697
1.224502
1.222364
1.220571
1.218597
1.216838
1.215045
1.213438
1.211875
1.210445
1.209094
1.207907
1.206562
1.205538
1.204479
1.203549
1.203087
1.202315
1.201276
1.200892
1.200204
1.19975
1.199395
1.199058
1.198877
1.198719
