-17.02162
-16.961411
-16.884439
-16.8403
-16.764151
-16.622299
-16.454861
-16.325251
-16.255911
-16.15202
-16.104759
-16.0877
-16.03347
-15.99486
-15.94422
-15.89698
-15.67039
-15.43264
-15.33819
-15.16212
-14.97293
-15.20511
-15.11908
-15.00437
-14.98829
-14.90382
-14.78447
-14.71974
-14.64451
-14.61074
-14.49044
-14.37311
-14.33909
-14.19471
-14.03021
-14.08178
-13.98493
-13.79767
-13.66494
-13.68091
-13.68385
-13.59026
-13.45892
-13.31268
-13.26688
-13.23435
-13.13077
-12.98352
-12.8813
-12.87099
-12.85296
-12.75392
-12.62465
-12.47144
-12.35835
-12.3426
-12.26055
-12.15856
-12.1335
-12.07992
-12.02867
-11.91037
-11.75288
-11.71251
-11.6363
-11.49904
-11.3852
-11.33829
-11.24547
-11.13089
-11.06502
-10.99301
-10.87182
-10.78411
-10.77746
-10.69711
-10.55646
-10.45957
-10.3644
-10.27415
-10.2022
-10.11103
-9.993304
-9.875959
-9.833269
-9.761595
-9.612276
-9.500102
-9.457065
-9.363306
-9.232939
-9.135677
-9.027605
-8.918352
-8.819057
-8.715598
-8.628901
-8.523776
-8.433346
-8.354222
-8.239224
-8.142798
-8.069098
-7.969591
-7.821092
-7.741768
-7.741208
-7.671218
-7.569078
-7.491651
-7.420791
-7.34339
-7.272384
-7.208129
-7.136329
-7.054156
-6.98444
-6.908955
-6.840545
-6.769236
-6.700624
-6.630981
-6.559945
-6.506366
-6.451796
-6.384769
-6.344551
-6.300658
-6.218084
-6.135591
-6.104209
-6.055698
-5.976124
-5.907444
-5.842683
-5.780339
-5.717184
-5.661655
-5.585849
-5.497872
-5.444224
-5.378495
-5.281476
-5.200911
-5.133209
-5.051657
-4.968355
-4.917964
-4.84529
-4.750893
-4.669561
-4.587165
-4.495682
-4.401497
-4.329198
-4.261569
-4.168795
-4.073282
-3.979208
-3.890735
-3.798515
-3.71816
-3.623972
-3.538112
-3.457065
-3.359591
-3.280747
-3.183081
-3.072034
-2.997201
-2.904795
-2.802459
-2.71234
-2.610063
-2.516745
-2.452427
-2.371257
-2.263433
-2.15549
-2.074565
-1.965407
-1.862388
-1.833404
-1.790105
-1.628501
-1.468298
-1.477658
-1.370695
-1.164817
-1.100178
-1.015613
-0.921996
-0.831695
-0.738149
-0.599145
-0.456928
-0.375524
-0.286776
-0.174204
-0.081455
