1.143675
1.142005
1.138314
1.134374
1.134211
1.134436
1.133513
1.133131
1.133172
1.133215
1.131937
1.129292
1.126935
1.127173
1.127741
1.128279
1.126906
1.124636
1.124036
1.121892
1.12209
1.121624
1.119757
1.119912
1.12048
1.121089
1.121102
1.118911
1.11618
1.116599
1.116302
1.115728
1.114844
1.113899
1.114083
1.114573
1.113873
1.112789
1.111127
1.108663
1.106927
1.107338
1.107642
1.107178
1.106856
1.104333
1.101421
1.102421
1.100815
1.098611
1.098841
1.098535
1.098176
1.0976
1.096269
1.094555
1.094033
1.094183
1.094146
1.092686
1.090448
1.089351
1.088829
1.087932
1.086316
1.085181
1.085167
1.084873
1.084319
1.082768
1.0805
1.07929
1.0778
1.076212
1.075945
1.076012
1.075326
1.074263
1.072399
1.070562
1.070449
1.070751
1.069383
1.067498
1.066702
1.066624
1.066219
1.064789
1.062441
1.060618
1.060153
1.059725
1.059314
1.058486
1.057107
1.056002
1.054886
1.054009
1.053717
1.053216
1.052107
1.050619
1.049908
1.048937
1.048184
1.047472
1.046592
1.045463
1.044962
1.044154
1.042707
1.041608
1.04121
1.040378
1.03915
1.038627
1.037648
1.036369
1.035726
1.034989
1.033771
1.032429
1.031651
1.031044
1.029998
1.028917
1.027926
1.026912
1.026088
1.025498
1.024621
1.023441
1.02245
1.021969
1.021129
1.019899
1.019291
1.01873
1.017835
1.017038
1.016141
1.015383
1.014867
1.014743
1.013953
1.012878
1.011905
1.011042
1.010732
1.010453
1.009976
1.009493
1.008679
1.007759
1.007606
1.007137
1.006359
1.00568
1.004959
1.004789
1.004503
1.004072
1.003953
1.003597
1.002974
1.002552
1.002257
1.002066
1.001636
1.000988
1.000511
1.000279
1.000303
1.000281
0.999748
0.999146
0.998779
0.998756
0.998567
0.998311
0.998813
0.99993
1.000513
0.998696
0.996642
0.997179
0.998204
0.998736
0.998923
0.997561
0.998321
0.99861
0.998366
0.997947
0.997409
0.9969
0.99702
0.997186
0.997154
0.996869
