-18.118771
-18.24025
-18.07151
-17.872471
-17.772921
-17.6798
-17.562149
-17.517981
-17.45347
-17.38739
-17.406441
-17.304131
-17.05736
-16.77042
-16.83367
-16.99439
-16.910669
-16.834579
-16.76289
-16.60404
-16.432671
-16.296459
-16.251711
-16.226379
-16.06595
-15.8913
-15.917
-15.85701
-15.70261
-15.63358
-15.57483
-15.49497
-15.43035
-15.37341
-15.25601
-15.17533
-15.1354
-15.07562
-14.90959
-14.72581
-14.61663
-14.50234
-14.46167
-14.48493
-14.39039
-14.27903
-14.17591
-14.04204
-13.96636
-13.90703
-13.79294
-13.65588
-13.61413
-13.57612
-13.45366
-13.31753
-13.26706
-13.20449
-13.06977
-12.95681
-12.90103
-12.84723
-12.7191
-12.56085
-12.50692
-12.50582
-12.42045
-12.28429
-12.15876
-12.11238
-12.00443
-11.84485
-11.75614
-11.68098
-11.57971
-11.46978
-11.39143
-11.35107
-11.22629
-11.06735
-11.00252
-10.93427
-10.82829
-10.7173
-10.59536
-10.53055
-10.41502
-10.27196
-10.22808
-10.14372
-9.984282
-9.862037
-9.777309
-9.673058
-9.554594
-9.444231
-9.352902
-9.2458
-9.158904
-9.064178
-8.936242
-8.84251
-8.784118
-8.688006
-8.552982
-8.465619
-8.415179
-8.337167
-8.252468
-8.181823
-8.11266
-8.029066
-7.936196
-7.866915
-7.786118
-7.704121
-7.630033
-7.5422
-7.462522
-7.390272
-7.282866
-7.185208
-7.134429
-7.075567
-6.984349
-6.897807
-6.84416
-6.785124
-6.703849
-6.619488
-6.558195
-6.519386
-6.459263
-6.37538
-6.287848
-6.212363
-6.163672
-6.09334
-5.998403
-5.935155
-5.854543
-5.774475
-5.703169
-5.61169
-5.549628
-5.476363
-5.360947
-5.265825
-5.201563
-5.110068
-5.020437
-4.928555
-4.807862
-4.733348
-4.659446
-4.557796
-4.471891
-4.40024
-4.295217
-4.189006
-4.096271
-3.976838
-3.895586
-3.827808
-3.717577
-3.607504
-3.519536
-3.405811
-3.29055
-3.206593
-3.119571
-3.019346
-2.929341
-2.814521
-2.713494
-2.616529
-2.507384
-2.406735
-2.313289
-2.202663
-2.085972
-2.014866
-1.925781
-1.816685
-1.71147
-1.60789
-1.518322
-1.48846
-1.330406
-1.152886
-1.116032
-1.043214
-0.86424
-0.704938
-0.667455
-0.590405
-0.457886
-0.266024
-0.082541
-0.02566
