1.165508
1.162598
1.161708
1.161524
1.159414
1.157822
1.157612
1.156553
1.154934
1.153884
1.152911
1.151995
1.152178
1.152761
1.152608
1.151625
1.151207
1.150964
1.146916
1.142953
1.142555
1.141896
1.141045
1.138813
1.135764
1.135419
1.133943
1.13176
1.130598
1.130067
1.129906
1.129547
1.128707
1.128402
1.127362
1.12608
1.125455
1.124477
1.122368
1.120535
1.12018
1.118969
1.11628
1.113646
1.114553
1.115791
1.114778
1.113654
1.112993
1.111965
1.111108
1.109765
1.107475
1.105949
1.106114
1.105075
1.103399
1.103605
1.102862
1.10171
1.101289
1.100715
1.099318
1.097971
1.097687
1.096297
1.094229
1.094474
1.093
1.090616
1.09014
1.089586
1.08829
1.087189
1.085943
1.084172
1.082487
1.082182
1.081274
1.079742
1.078771
1.077945
1.076874
1.07587
1.075244
1.074488
1.0736
1.072575
1.071231
1.069779
1.068158
1.067142
1.065885
1.064253
1.063765
1.063141
1.061814
1.060531
1.059458
1.058368
1.05792
1.056929
1.055376
1.054329
1.053386
1.052113
1.051076
1.050277
1.049424
1.048267
1.047109
1.046189
1.045499
1.04462
1.043381
1.042289
1.04156
1.040482
1.039408
1.038597
1.037553
1.036297
1.035002
1.0341
1.03333
1.032395
1.031437
1.030405
1.029195
1.028263
1.027629
1.026886
1.025973
1.024934
1.024011
1.023234
1.022569
1.021911
1.020743
1.019229
1.018419
1.017956
1.017692
1.017021
1.015942
1.015106
1.014632
1.014375
1.013679
1.012773
1.012219
1.011648
1.010854
1.009914
1.009211
1.009249
1.00882
1.008098
1.007529
1.006864
1.006159
1.005733
1.005536
1.005309
1.004747
1.004125
1.004085
1.003845
1.0034
1.003099
1.002658
1.002205
1.00192
1.001652
1.001402
1.00098
1.000459
1.000144
0.999909
0.999592
0.997961
0.996254
0.996985
0.997701
0.99786
0.998013
0.998211
0.999159
1.00035
1.000566
1.000213
0.999667
0.999098
0.999102
0.999321
0.9994
0.999337
0.998771
0.998005
0.997917
