-17.20553
-17.26943
-17.065889
-16.79744
-16.736931
-16.712299
-16.576719
-16.44591
-16.457769
-16.41395
-16.208241
-16.01252
-16.09095
-16.15749
-16.06678
-15.92685
-15.75961
-15.67757
-15.66448
-15.63973
-15.54481
-15.43503
-15.33587
-15.23196
-15.12325
-15.00901
-14.96202
-14.90569
-14.85814
-14.7911
-14.68504
-14.62443
-14.59199
-14.50883
-14.36453
-14.2064
-14.13469
-14.13427
-14.01401
-13.86345
-13.81657
-13.7612
-13.67958
-13.64551
-13.56627
-13.50772
-13.49809
-13.37698
-13.21569
-13.11458
-13.06045
-12.99744
-12.94641
-12.94767
-12.81435
-12.61886
-12.47039
-12.44495
-12.39337
-12.29992
-12.18815
-12.13539
-12.09417
-12.03436
-11.90643
-11.75564
-11.67378
-11.61196
-11.56947
-11.45143
-11.28923
-11.25759
-11.17513
-11.04671
-10.93175
-10.84768
-10.80224
-10.76185
-10.67353
-10.55437
-10.44408
-10.39281
-10.30908
-10.1847
-10.07475
-9.960629
-9.849095
-9.801684
-9.733801
-9.618833
-9.499896
-9.417965
-9.340045
-9.211961
-9.085619
-8.994663
-8.898684
-8.823048
-8.732723
-8.6308
-8.522779
-8.428233
-8.336906
-8.242806
-8.175229
-8.098166
-8.016033
-7.932449
-7.850394
-7.797163
-7.74595
-7.668226
-7.576674
-7.506209
-7.438287
-7.350595
-7.272322
-7.205558
-7.124599
-7.047491
-6.963452
-6.878279
-6.802222
-6.731651
-6.663366
-6.601945
-6.563128
-6.501486
-6.409445
-6.347315
-6.294833
-6.218329
-6.151651
-6.098305
-6.022017
-5.943342
-5.886938
-5.826385
-5.752763
-5.686945
-5.603402
-5.51987
-5.462626
-5.38435
-5.287868
-5.208333
-5.129691
-5.041173
-4.957977
-4.887465
-4.807714
-4.721815
-4.632342
-4.542796
-4.44921
-4.365911
-4.280324
-4.175132
-4.081387
-3.995976
-3.903603
-3.812667
-3.738343
-3.648438
-3.558506
-3.466205
-3.348555
-3.259959
-3.180098
-3.100452
-3.008578
-2.904741
-2.796777
-2.700828
-2.61499
-2.527763
-2.423314
-2.315576
-2.242642
-2.097092
-1.950106
-2.015539
-1.901632
-1.712981
-1.639125
-1.616951
-1.520396
-1.351609
-1.212979
-1.162073
-1.089459
-0.964249
-0.795303
-0.662814
-0.618469
-0.568646
-0.470347
-0.262499
-0.036864
0.013485
