1.161328
1.156751
1.15432
1.155001
1.155767
1.155496
1.15394
1.152635
1.151654
1.151379
1.150797
1.149642
1.148735
1.146862
1.14515
1.143894
1.141819
1.139996
1.140059
1.140976
1.140961
1.141874
1.143244
1.142101
1.139676
1.136955
1.134993
1.136455
1.137689
1.13745
1.135486
1.133284
1.132491
1.131389
1.13011
1.128997
1.1287
1.128032
1.12609
1.124634
1.123109
1.121302
1.119995
1.118968
1.117913
1.116553
1.115758
1.115511
1.115055
1.113325
1.111279
1.111623
1.109654
1.107238
1.107445
1.106616
1.103854
1.101798
1.101975
1.101715
1.100917
1.098987
1.097026
1.097342
1.095991
1.093823
1.091979
1.09061
1.090141
1.089843
1.088505
1.087172
1.086146
1.08562
1.084493
1.083068
1.082345
1.081337
1.079978
1.079507
1.078168
1.076299
1.075088
1.074352
1.072692
1.070853
1.070528
1.070128
1.068918
1.067532
1.066533
1.065511
1.064321
1.063119
1.061875
1.060446
1.05928
1.058108
1.056948
1.056353
1.055595
1.054414
1.05317
1.051992
1.05088
1.050118
1.049453
1.048677
1.047639
1.046746
1.046113
1.045226
1.043766
1.042391
1.041779
1.041087
1.039766
1.03837
1.037444
1.036576
1.035765
1.034554
1.033164
1.032396
1.031426
1.030113
1.029262
1.028411
1.027412
1.026603
1.025522
1.024222
1.023312
1.022696
1.021775
1.020867
1.020224
1.019655
1.018715
1.017516
1.016758
1.016166
1.015746
1.014969
1.013878
1.013247
1.012397
1.011424
1.011131
1.010705
1.00997
1.009515
1.008972
1.008444
1.008211
1.007715
1.007032
1.006536
1.00588
1.005177
1.004775
1.004338
1.003847
1.003387
1.002937
1.002491
1.002073
1.001687
1.001222
1.00079
1.000419
1.000059
0.999884
0.999514
0.999004
0.998419
0.998073
0.998293
0.997981
0.997481
0.99959
1.00171
1.00133
1.000701
1.000276
0.999841
0.999565
0.999177
0.999068
0.998966
0.998719
0.998634
0.997838
0.996766
0.996031
0.995728
0.995538
0.995541
0.995815
0.996496
