36.776291
37.237431
36.95364
37.107761
37.736561
37.654282
37.35593
37.148769
37.369961
37.476551
37.601212
37.788792
37.47686
37.74028
37.81686
37.828548
38.007851
38.245529
37.959251
37.943939
38.50256
38.142609
38.209389
38.437531
38.521679
38.484261
38.512589
38.44376
38.795059
38.628849
38.488091
38.77779
38.672722
38.535839
38.71434
38.71059
38.78397
38.689091
38.760651
38.83556
38.712509
38.70924
38.853401
38.724319
38.841888
38.718689
38.921001
38.598869
38.90353
38.720741
38.711922
38.71384
38.79977
38.798161
38.69014
38.588539
38.659019
38.556381
38.408119
38.42532
38.662399
38.406021
38.399841
38.409561
38.246311
38.211849
37.990162
37.9939
38.033779
38.044559
37.817822
37.750229
37.614689
37.577801
37.59882
37.448181
37.430489
37.18404
37.151119
37.063202
36.940979
36.867489
36.85165
36.615269
36.561649
36.292019
36.180191
36.095791
35.942371
35.908291
35.748569
35.592411
35.408298
35.26088
35.049099
35.005638
34.81699
34.629539
34.50079
34.256741
34.09866
33.93391
33.725368
33.583881
33.357681
33.153542
32.995029
32.788231
32.56778
32.34811
32.036388
31.923889
31.718861
31.40206
31.15008
30.952761
30.646799
30.34552
30.104851
29.91387
29.58749
29.2708
29.077869
28.75226
28.465931
28.15881
27.83812
27.470039
27.20352
26.87443
26.57135
26.212959
25.86496
25.54829
25.193939
24.85244
24.51577
24.184919
23.799179
23.4492
23.07616
22.72397
22.308161
21.94401
21.59502
21.23399
20.884371
20.488741
20.11256
19.7125
19.320499
18.949221
18.587799
18.15679
17.78706
17.439581
17.026409
16.647449
16.256001
15.88983
15.49082
15.10336
14.71713
14.33082
13.93738
13.5465
13.16564
12.77445
12.39713
12.01158
11.62402
11.23667
10.86374
10.45634
10.08432
9.695676
9.311843
8.923287
8.533734
8.152774
7.571975
7.584488
6.825708
6.504444
6.170721
5.572114
5.481015
5.036991
4.531363
4.245769
3.757533
3.417635
3.031955
2.714056
2.278005
1.889367
1.519376
1.159534
0.937799
0.478865
