0.455416
0.457071
0.463246
0.462428
0.462355
0.465737
0.466897
0.469568
0.47257
0.477139
0.476582
0.480087
0.479935
0.484653
0.485168
0.489106
0.489606
0.494946
0.497018
0.499435
0.502731
0.502218
0.505759
0.508821
0.509896
0.513517
0.514043
0.517002
0.522155
0.521638
0.526474
0.528377
0.531121
0.532766
0.536661
0.538691
0.541507
0.544868
0.547919
0.550224
0.553002
0.55411
0.560203
0.561777
0.563954
0.565405
0.571111
0.573038
0.57624
0.580064
0.584403
0.586268
0.587045
0.590351
0.594273
0.597409
0.601249
0.604051
0.608014
0.611459
0.613301
0.616771
0.621538
0.623895
0.628104
0.631406
0.633413
0.637411
0.640765
0.644686
0.648359
0.65241
0.654846
0.658614
0.662186
0.665682
0.669323
0.674399
0.67703
0.680005
0.684518
0.687748
0.691832
0.695951
0.700145
0.702819
0.706491
0.711438
0.715006
0.718905
0.722072
0.726089
0.730877
0.733418
0.737652
0.741374
0.745939
0.749695
0.753666
0.756396
0.761035
0.764504
0.768179
0.771557
0.77745
0.778928
0.783484
0.787201
0.791127
0.794416
0.797809
0.803051
0.805844
0.809454
0.81257
0.816615
0.819861
0.823446
0.82663
0.830158
0.833167
0.836765
0.840332
0.842455
0.847235
0.849283
0.852352
0.856678
0.85973
0.863817
0.866974
0.869098
0.873096
0.876364
0.879738
0.882896
0.886127
0.889609
0.892586
0.894986
0.89883
0.902041
0.904827
0.908426
0.910941
0.913634
0.916885
0.9193
0.922706
0.925194
0.927586
0.930598
0.933256
0.935837
0.938712
0.94075
0.943476
0.94559
0.94834
0.95024
0.952478
0.954886
0.956723
0.959158
0.960861
0.962915
0.964765
0.967095
0.96852
0.970346
0.972151
0.973833
0.975348
0.976899
0.978299
0.979886
0.981367
0.98263
0.98369
0.985103
0.986587
0.986751
0.988621
0.990036
0.989706
0.991817
0.991452
0.992657
0.993433
0.993992
0.994317
0.994302
0.995501
0.996535
0.996553
0.997598
0.997266
0.997227
0.997113
0.997693
