1000000
995000
990000
985000
980000
975000
970000
965000
960000
955000
950000
945000
940000
935000
930000
925000
920000
915000
910000
905000
900000
895000
890000
885000
880000
875000
870000
865000
860000
855000
850000
845000
840000
835000
830000
825000
820000
815000
810000
805000
800000
795000
790000
785000
780000
775000
770000
765000
760000
755000
750000
745000
740000
735000
730000
725000
720000
715000
710000
705000
700000
695000
690000
685000
680000
675000
670000
665000
660000
655000
650000
645000
640000
635000
630000
625000
620000
615000
610000
605000
600000
595000
590000
585000
580000
575000
570000
565000
560000
555000
550000
545000
540000
535000
530000
525000
520000
515000
510000
505000
500000
495000
490000
485000
480000
475000
470000
465000
460000
455000
450000
445000
440000
435000
430000
425000
420000
415000
410000
405000
400000
395000
390000
385000
380000
375000
370000
365000
360000
355000
350000
345000
340000
335000
330000
325000
320000
315000
310000
305000
300000
295000
290000
285000
280000
275000
270000
265000
260000
255000
250000
245000
240000
235000
230000
225000
220000
215000
210000
205000
200000
195000
190000
185000
180000
175000
170000
165000
160000
155000
150000
145000
140000
135000
130000
125000
120000
115000
110000
105000
100000
95000
90000
85000
80000
75000
70000
65000
60000
55000
50000
45000
40000
35000
30000
25000
20000
15000
10000
5000
