23.31682
23.317459
23.103661
22.99176
23.23875
23.05978
22.868099
23.000179
23.39616
23.14677
23.17642
23.112619
22.859949
23.129219
23.052151
23.2579
22.8554
22.940781
22.880541
22.804279
22.861931
22.826981
22.73159
22.7232
22.646549
22.78845
22.66398
22.664921
22.623211
22.573009
22.5651
22.46006
22.52375
22.322451
22.50075
22.259109
22.268721
22.17618
22.247999
22.145571
22.08139
22.07115
21.96323
21.901859
21.84284
21.822479
21.79196
21.6535
21.641211
21.50564
21.5735
21.385651
21.350321
21.289989
21.256861
21.197359
21.14739
21.084591
21.018021
20.89369
20.782761
20.795401
20.697001
20.60321
20.528391
20.41379
20.44833
20.30018
20.26288
20.166759
20.031231
19.995899
19.91176
19.857479
19.72946
19.68717
19.60676
19.464161
19.39432
19.40588
19.2272
19.09067
19.014589
18.943529
18.900789
18.74136
18.67725
18.60191
18.484209
18.403509
18.29023
18.20034
18.123699
17.985649
17.910801
17.777571
17.694731
17.5495
17.48262
17.342871
17.203091
17.098471
16.97773
16.81818
16.66717
16.52487
16.42832
16.256479
16.11075
15.98072
15.81567
15.64036
15.49038
15.32788
15.19743
15.01248
14.91457
14.73779
14.62761
14.48535
14.33858
14.20144
14.02129
13.85623
13.72772
13.54845
13.36625
13.22357
13.03592
12.86565
12.67364
12.48298
12.30121
12.13386
11.94768
11.78036
11.59882
11.41534
11.23084
11.03916
10.86329
10.70182
10.51478
10.317
10.14964
9.976062
9.784908
9.605794
9.437881
9.243126
9.080736
8.887988
8.721551
8.53116
8.359034
8.167936
8.011655
7.825566
7.644116
7.473675
7.289157
7.118243
6.923244
6.748295
6.581516
6.396398
6.201552
6.015255
5.840703
5.669685
5.483843
5.300073
5.11197
4.929501
4.749946
4.566283
4.392333
4.210771
4.024853
3.839581
3.67094
3.612911
3.272964
3.128636
2.98329
2.680689
2.626467
2.422682
2.195305
2.059903
1.822704
1.648046
1.451426
1.327215
1.105176
0.891654
0.75882
0.557398
0.509423
0.257573
