0.741852
0.742419
0.745119
0.746994
0.749029
0.751039
0.750136
0.75296
0.757233
0.75659
0.759254
0.759499
0.762999
0.76679
0.76603
0.7712
0.773069
0.77476
0.773758
0.777149
0.778002
0.780347
0.781032
0.784579
0.785
0.789162
0.788869
0.792372
0.795758
0.794347
0.796573
0.798181
0.799561
0.802295
0.804348
0.806485
0.806966
0.808555
0.810698
0.811853
0.815462
0.817451
0.819803
0.820389
0.822208
0.825723
0.825631
0.8282
0.832519
0.831167
0.834101
0.835222
0.836821
0.838858
0.838401
0.842426
0.844689
0.846622
0.84783
0.849522
0.853242
0.852587
0.855767
0.856715
0.858628
0.860593
0.862774
0.864769
0.866251
0.867342
0.868341
0.871103
0.873505
0.874398
0.876903
0.878337
0.880638
0.881982
0.883766
0.885616
0.88743
0.889251
0.890325
0.892623
0.894614
0.896303
0.897423
0.899641
0.901826
0.903065
0.904992
0.905973
0.908198
0.909292
0.911066
0.912344
0.914005
0.915247
0.916666
0.917989
0.918944
0.920161
0.920593
0.922197
0.922557
0.923983
0.925662
0.926708
0.927388
0.928862
0.930344
0.931828
0.931625
0.933752
0.935006
0.936395
0.937702
0.939304
0.940806
0.942601
0.943498
0.944567
0.946893
0.947364
0.949436
0.949918
0.952105
0.952882
0.954043
0.955212
0.956608
0.957883
0.958511
0.959704
0.96053
0.96163
0.962748
0.96358
0.964743
0.965453
0.966373
0.967493
0.968231
0.969287
0.969911
0.970919
0.971778
0.972524
0.973369
0.9745
0.975191
0.975896
0.977044
0.977824
0.97862
0.979462
0.980333
0.981072
0.981842
0.982362
0.983218
0.984022
0.984833
0.985754
0.986161
0.986859
0.987505
0.988238
0.988422
0.989312
0.989877
0.990516
0.991286
0.991567
0.99204
0.992762
0.993428
0.993889
0.994188
0.9946
0.993761
0.99365
0.995622
0.995133
0.995974
0.996519
0.996582
0.996413
0.997349
0.996948
0.997905
0.998004
0.998219
0.998132
0.998477
0.999061
0.998818
0.999481
0.998749
0.999055
