8.91144
8.672606
8.44012
8.232072
8.011438
7.793014
7.607806
7.396668
7.204415
7.02043
6.853931
6.673641
6.509191
6.340615
6.197994
6.045055
5.894185
5.755315
5.610529
5.478372
5.35021
5.224234
5.104467
4.98473
4.87642
4.755027
4.65834
4.541133
4.437109
4.322875
4.244177
4.152339
4.052174
3.969126
3.882949
3.808792
3.720059
3.637444
3.567674
3.49509
3.417854
3.341221
3.271988
3.215049
3.152597
3.083534
3.019251
2.967062
2.907058
2.848128
2.791799
2.744063
2.685521
2.638936
2.584175
2.536295
2.490034
2.446854
2.398462
2.355903
2.313795
2.271407
2.231088
2.192703
2.146626
2.11199
2.075838
2.041502
2.008233
1.973886
1.932042
1.899216
1.866585
1.842304
1.801085
1.775521
1.744348
1.715006
1.688286
1.657757
1.633262
1.605969
1.580284
1.551081
1.532626
1.506289
1.482506
1.461415
1.434299
1.414163
1.392175
1.371557
1.349598
1.32951
1.307544
1.289389
1.269739
1.24944
1.23414
1.21208
1.194381
1.178522
1.160669
1.142178
1.127357
1.108681
1.092485
1.076315
1.060551
1.04881
1.032178
1.014693
1.002344
0.987727
0.974125
0.959846
0.946186
0.933707
0.920464
0.909126
0.894208
0.881619
0.871751
0.858118
0.845994
0.833201
0.822259
0.811956
0.801086
0.789911
0.778682
0.768178
0.757441
0.748124
0.737333
0.729273
0.717812
0.709271
0.69892
0.689152
0.680942
0.671449
0.662747
0.653779
0.645706
0.637028
0.628459
0.62057
0.611288
0.60191
0.595903
0.58812
0.580983
0.573429
0.565147
0.558211
0.550466
0.543456
0.536252
0.528875
0.521082
0.51502
0.509846
0.502012
0.49663
0.489373
0.482714
0.476776
0.471092
0.464337
0.458456
0.452696
0.446182
0.441736
0.434755
0.429469
0.424783
0.418527
0.41395
0.407701
0.403459
0.39733
0.393239
0.387408
0.383023
0.377136
0.3727
0.368297
0.363694
0.358626
0.353763
0.349672
0.34558
0.340608
0.337357
0.332849
0.328095
0.32467
0.319209
0.315131
0.311129
0.305323
0.306839
0.311402
0.305067
0.286134
0.287865
0.287927
0.286923
0.286912
0.27385
0.272497
0.270353
0.270079
0.258451
0.257696
0.253701
0.256132
0.244026
0.247417
0.244125
0.241988
0.227958
0.233524
0.231632
0.224474
0.218948
0.221708
0.223849
0.212945
0.214598
0.213402
0.204537
0.201914
0.201709
0.198861
0.191756
0.191725
0.195955
0.187277
0.187905
0.188841
0.178227
0.179764
0.179429
0.17223
0.171182
0.171631
0.165366
0.167142
0.16027
0.160175
0.160906
0.15488
0.153147
0.146808
0.148761
0.149226
0.144503
0.147143
0.145029
0.140763
0.139158
0.137066
0.136112
0.136481
0.131126
0.132758
0.124583
0.132752
0.130532
0.121741
0.121468
0.120444
0.116865
0.11863
0.117288
0.114051
0.111889
0.117513
0.108668
0.110116
0.106414
0.106524
0.102716
0.104393
0.10151
0.100882
0.099461
0.098286
0.100404
0.097685
0.095974
0.097508
0.090104
0.094567
0.088507
0.093546
0.089216
0.084196
0.086241
0.08606
0.084278
0.083602
0.082659
0.081006
0.079715
0.081511
0.077181
0.075638
0.078055
0.073042
0.073561
0.070091
0.073247
0.070699
0.070774
0.069586
0.067701
0.067619
0.070378
0.065385
0.068172
0.065
0.062701
0.064641
0.062011
0.060297
0.057766
0.070023
0.060143
0.060406
0.056854
0.055584
0.056739
0.055374
0.055912
0.057182
0.056713
0.04985
0.054006
0.053948
0.051957
0.051411
0.051937
0.047907
0.048631
0.050175
0.049013
0.045414
0.048201
0.044551
0.045803
0.047723
0.04473
0.04426
0.045018
0.042926
0.042566
0.039449
0.041992
0.043314
0.042948
0.040059
0.042402
0.040616
0.03928
0.037474
0.037361
0.036944
0.038235
0.03661
0.035879
0.037566
0.036016
0.035435
0.034492
0.03413
0.032676
0.03243
0.032252
0.032604
0.034451
0.031569
0.031583
0.028892
0.032044
0.031474
0.034233
0.028895
0.035169
0.024766
0.028564
0.027744
0.029021
0.028987
0.024799
0.031743
0.02825
0.02646
0.026798
0.024664
0.026006
0.024438
0.024971
0.029684
0.023373
0.026747
0.024937
0.021067
0.025804
0.02198
0.022328
0.023516
0.023578
0.021071
0.019767
0.021051
0.01866
0.01669
0.019671
0.02116
0.020081
0.020552
0.020545
0.018479
0.019967
0.020156
0.01851
0.019712
0.019808
0.015968
0.017963
0.013833
0.017438
0.015242
0.019439
0.017533
0.014514
0.014125
0.01629
0.016476
0.017595
0.012294
0.014401
0.016317
0.017335
0.017362
0.013055
0.012144
0.01224
0.013736
0.013715
0.012381
0.013486
0.01422
0.012527
0.014103
0.010034
0.013087
0.012912
