1.173179
1.16973
1.166224
1.162948
1.159344
1.156219
1.153013
1.149437
1.146339
1.143027
1.140103
1.137089
1.134203
1.13111
1.128489
1.125378
1.122815
1.120178
1.117462
1.114876
1.112639
1.109926
1.1075
1.105132
1.10288
1.100555
1.098524
1.095918
1.09401
1.09215
1.089896
1.087984
1.085875
1.083978
1.082253
1.08037
1.078561
1.076746
1.075046
1.073223
1.071699
1.069943
1.068508
1.067076
1.065601
1.064029
1.062625
1.061101
1.059871
1.058505
1.057201
1.056001
1.054644
1.053431
1.052262
1.051027
1.049935
1.048771
1.04768
1.046645
1.045592
1.044616
1.043621
1.042604
1.04223
1.041317
1.040376
1.039516
1.03853
1.037758
1.036963
1.036016
1.035292
1.0346
1.03371
1.033103
1.03231
1.031661
1.030886
1.030241
1.029591
1.028923
1.028287
1.027661
1.027047
1.026504
1.025878
1.025357
1.024853
1.024287
1.023727
1.023216
1.022729
1.022231
1.021799
1.021287
1.020836
1.020372
1.019969
1.019528
1.019092
1.018682
1.018281
1.017909
1.017522
1.017162
1.016806
1.01644
1.016095
1.015774
1.015401
1.015103
1.014784
1.014487
1.014199
1.013873
1.013587
1.013367
1.013034
1.01276
1.012501
1.012232
1.011989
1.011715
1.011489
1.011276
1.011069
1.010796
1.010603
1.010375
1.010206
1.009966
1.009762
1.009556
1.009352
1.009198
1.008963
1.008844
1.008638
1.008472
1.008327
1.008142
1.007976
1.007812
1.007685
1.007507
1.007371
1.007232
1.007079
1.006944
1.006797
1.006693
1.006543
1.006426
1.006292
1.00617
1.006059
1.005941
1.005823
1.005712
1.005592
1.005497
1.005402
1.005296
1.005186
1.005091
1.005008
1.004911
1.004829
1.004726
1.004646
1.004541
1.004472
1.004393
1.004313
1.004237
1.004163
1.004084
1.004016
1.003922
1.003858
1.003787
1.003729
1.003667
1.003592
1.003537
1.003453
1.003393
1.003343
1.0033
1.003241
1.003173
1.003118
1.003071
1.003012
1.00295
1.002915
1.00288
1.00281
1.00276
1.002708
1.00256
1.002626
1.002627
1.002647
1.002392
1.002408
1.002423
1.002461
1.002431
1.002234
1.002198
1.002256
1.002252
1.002047
1.002106
1.002074
1.002116
1.001913
1.002015
1.001974
1.001939
1.001883
1.001845
1.001883
1.001857
1.001796
1.001783
1.001785
1.00171
1.001722
1.001674
1.001584
1.001596
1.001559
1.001591
1.001567
1.001525
1.001517
1.00145
1.001458
1.001474
1.001383
1.001386
1.001382
1.001304
1.001251
1.001351
1.001301
1.0012
1.001243
1.001234
1.00121
1.001208
1.001137
1.001029
1.001191
1.001143
1.001128
1.001086
1.001115
1.001121
1.001074
1.001091
1.001065
1.001082
1.001035
1.000983
1.000995
1.000972
1.000952
1.001009
1.000886
1.000961
1.000873
1.00096
1.000886
1.000935
1.000887
1.000874
1.00085
1.000874
1.00084
1.000875
1.000841
1.000831
1.000751
1.000789
1.000808
1.000783
1.000801
1.000722
1.000799
1.000757
1.0007
1.000724
1.000785
1.000679
1.0007
1.000662
1.000731
1.000705
1.000657
1.00068
1.000629
1.000743
1.000754
1.000632
1.000663
1.000662
1.000663
1.000672
1.000659
1.000605
1.000593
1.000634
1.000583
1.000617
1.000602
1.000614
1.000619
1.000615
1.00057
1.000592
1.000548
1.000587
1.000582
1.000509
1.000573
1.000522
1.000541
1.000578
1.000524
1.000554
1.000561
1.000517
1.000548
1.000497
1.000528
1.000528
1.000547
1.000535
1.00053
1.000535
1.000544
1.000435
1.00054
1.000543
1.000498
1.000506
1.000532
1.000528
1.00055
1.000491
1.000516
1.000474
1.000485
1.000502
1.000469
1.00047
1.000504
1.000488
1.000431
1.000499
1.000481
1.000448
1.000442
1.000492
1.000534
1.000463
1.000471
1.000489
1.000458
1.000474
1.000486
1.000508
1.000428
1.000418
1.000443
1.000453
1.000465
1.00045
1.000496
1.000473
1.000429
1.000441
1.000498
1.000434
1.000374
1.000448
1.000494
1.000419
1.000471
1.000423
1.000449
1.000424
1.000459
1.000439
1.000452
1.000435
1.000426
1.000448
1.00045
1.000437
1.00044
1.000705
1.000482
1.00042
1.000422
1.000413
1.000441
1.000424
1.000451
1.000427
1.000461
1.000434
1.000378
1.000465
1.000441
1.00038
1.00042
1.000446
1.000389
1.000353
1.000441
1.000437
1.000381
1.000408
1.000402
1.000416
1.000434
1.000413
1.000432
1.000381
1.000246
1.000471
1.000438
1.000437
1.000475
1.00038
1.000418
1.00043
1.000434
1.000449
1.000391
1.000411
1.000404
1.000424
1.000374
1.000447
1.000389
1.000378
1.000405
1.000361
1.00043
1.000413
1.000425
1.000404
1.000394
1.000475
1.000385
