9.279562
9.169665
9.048135
8.942712
8.841625
8.717251
8.608251
8.49474
8.401225
8.297607
8.200823
8.084595
7.985516
7.869286
7.777472
7.67048
7.58599
7.492253
7.377716
7.28454
7.209007
7.108459
7.015219
6.92268
6.822266
6.73861
6.634013
6.560874
6.462194
6.392774
6.301375
6.226585
6.13032
6.048378
5.970193
5.887221
5.804978
5.7276
5.656927
5.581118
5.497033
5.427203
5.351945
5.269332
5.200663
5.113182
5.058954
4.993319
4.922347
4.835072
4.781795
4.714552
4.640103
4.569581
4.521018
4.442869
4.374638
4.322283
4.25111
4.191823
4.116405
4.066859
4.011281
3.955984
3.89109
3.830254
3.780961
3.7247
3.668105
3.608867
3.550519
3.503013
3.445841
3.397409
3.344139
3.292779
3.235679
3.196872
3.139223
3.097504
3.044816
3.001393
2.945688
2.902885
2.860229
2.809885
2.764212
2.727288
2.682475
2.634575
2.594789
2.550393
2.508715
2.468423
2.430687
2.389883
2.352823
2.311087
2.274166
2.235739
2.195674
2.159624
2.123003
2.087545
2.06463
2.020151
1.988043
1.951276
1.917924
1.878576
1.847928
1.807937
1.780576
1.748711
1.715812
1.680864
1.655206
1.626589
1.594795
1.564216
1.534545
1.504933
1.478944
1.445131
1.421998
1.395182
1.363509
1.336777
1.312598
1.28563
1.260552
1.232125
1.211013
1.185776
1.159766
1.136694
1.111395
1.087669
1.065533
1.042171
1.019249
0.99729
0.975169
0.950025
0.929445
0.907623
0.887529
0.864401
0.84415
0.823028
0.804398
0.782849
0.762801
0.743068
0.723433
0.704138
0.683989
0.665383
0.647371
0.628159
0.610127
0.59047
0.572592
0.554424
0.53756
0.519504
0.502217
0.485346
0.467581
0.450451
0.434735
0.416601
0.399839
0.383283
0.36685
0.351126
0.3336
0.319093
0.302922
0.286745
0.271688
0.26726
0.235901
0.222227
0.213561
0.192574
0.183893
0.167463
0.148024
0.135907
0.11903
0.10074
0.094926
0.081279
0.070645
0.058016
0.044147
0.034735
0.02213
0.011803
