1.193618
1.251452
1.190151
1.188131
1.186843
1.184852
1.183174
1.181238
1.179657
1.178107
1.176563
1.174382
1.172714
1.171102
1.169484
1.167785
1.166454
1.164191
1.162733
1.16116
1.159352
1.157809
1.156038
1.154498
1.152684
1.150968
1.14966
1.147891
1.146328
1.144875
1.142998
1.141432
1.139841
1.13812
1.13658
1.135072
1.133559
1.131837
1.130265
1.12867
1.127183
1.125514
1.123885
1.122559
1.121093
1.119367
1.11783
1.116419
1.115224
1.11357
1.112263
1.110575
1.109109
1.108125
1.106299
1.104939
1.10345
1.10208
1.100767
1.0994
1.0981
1.096619
1.095352
1.093728
1.092484
1.091224
1.08971
1.088601
1.087259
1.085998
1.084536
1.083427
1.081939
1.080902
1.079581
1.078302
1.077106
1.075826
1.074538
1.07347
1.072235
1.070956
1.069917
1.068701
1.067531
1.066289
1.065216
1.064141
1.063055
1.061896
1.060812
1.059667
1.058521
1.057554
1.056554
1.05542
1.054403
1.053312
1.052312
1.051394
1.050261
1.049367
1.048405
1.047384
1.047322
1.046453
1.045448
1.044539
1.043545
1.042637
1.041784
1.040834
1.040015
1.039088
1.038192
1.037347
1.036488
1.035654
1.034814
1.034035
1.033179
1.032421
1.031593
1.030819
1.030099
1.029252
1.028539
1.02779
1.027097
1.026373
1.025704
1.024992
1.024317
1.023641
1.023
1.022335
1.021698
1.021082
1.020471
1.019863
1.019246
1.018644
1.018059
1.017505
1.016987
1.016398
1.01587
1.015338
1.014753
1.014304
1.013806
1.013298
1.012812
1.012381
1.011899
1.011428
1.010945
1.010554
1.010137
1.009723
1.009299
1.008898
1.008523
1.008132
1.007768
1.007423
1.007046
1.006711
1.006352
1.006054
1.005735
1.005429
1.005126
1.004831
1.004558
1.004286
1.004033
1.003793
1.003518
1.003289
1.00305
1.003017
1.002607
1.002482
1.002239
1.002165
1.002002
1.001796
1.001643
1.001455
1.00134
1.001158
1.001053
1.000941
1.000803
1.000738
1.000671
1.000625
1.000566
1.000494
